0: [214745088.00, 214745088.00, 214745088.00, 214740992.00, 214745088.00, 214740992.00, 214745088.00, 214745088.00, 214745088.00, 214745088.00, 214745088.00, 214745088.00, 214745088.00, 214745088.00, 214740992.00, 214740992.00]
1: [214752640.00, 214752640.00, 214752624.00, 214752640.00, 214752096.00, 214752624.00, 214753424.00, 214752640.00, 214752640.00, 214752608.00, 214752624.00, 214751056.00, 214752624.00, 214752608.00, 214752624.00, 214751056.00]
2: [214731776.00, 214730784.00, 214731776.00, 214729968.00, 214730848.00, 214731856.00, 214730976.00, 214730816.00, 214729792.00, 214731776.00, 214730848.00, 214729968.00, 214729872.00, 214729872.00, 214729968.00, 214731248.00]
3: [214710288.00, 214716192.00, 214710288.00, 214712544.00, 214713136.00, 214712656.00, 214712768.00, 214713136.00, 214710288.00, 214713120.00, 214713152.00, 214713136.00, 214713136.00, 214712656.00, 214712544.00, 214710288.00]
4: [214681568.00, 214682320.00, 214681936.00, 214681936.00, 214682304.00, 214681568.00, 214681824.00, 214681824.00, 214681536.00, 214681536.00, 214683440.00, 214682304.00, 214681824.00, 214682304.00, 214682304.00, 214683440.00]
5: [214646320.00, 214645392.00, 214645472.00, 214645200.00, 214645984.00, 214645984.00, 214645408.00, 214645984.00, 214645472.00, 214645472.00, 214645472.00, 214645472.00, 214645472.00, 214646320.00, 214645392.00, 214646320.00]
6: [214602656.00, 214602192.00, 214602800.00, 214602624.00, 214602816.00, 214602416.00, 214602928.00, 214602800.00, 214602800.00, 214602896.00, 214602256.00, 214602960.00, 214602560.00, 214602688.00, 214602624.00, 214602960.00]
7: [214551728.00, 214550880.00, 214551168.00, 214550416.00, 214550944.00, 214551232.00, 214551488.00, 214550720.00, 214551136.00, 214551136.00, 214551248.00, 214551136.00, 214550352.00, 214552288.00, 214551488.00, 214551120.00]
8: [214489472.00, 214489056.00, 214489472.00, 214489552.00, 214489552.00, 214489600.00, 214489200.00, 214489664.00, 214489040.00, 214489472.00, 214489472.00, 214489344.00, 214489472.00, 214489744.00, 214488784.00, 214489472.00]
9: [214421328.00, 214421296.00, 214420288.00, 214421168.00, 214421296.00, 214420736.00, 214422752.00, 214421120.00, 214421296.00, 214421168.00, 214421008.00, 214421216.00, 214422400.00, 214421536.00, 214421344.00, 214421040.00]
10: [214344768.00, 214344896.00, 214344736.00, 214344736.00, 214344608.00, 214344816.00, 214345296.00, 214344304.00, 214344848.00, 214345184.00, 214344976.00, 214344064.00, 214345296.00, 214344736.00, 214344304.00, 214344928.00]
11: [214260368.00, 214258832.00, 214259824.00, 214259552.00, 214260352.00, 214259840.00, 214259728.00, 214258688.00, 214258624.00, 214259136.00, 214260464.00, 214259472.00, 214259856.00, 214259264.00, 214259472.00, 214259552.00]
12: [214166560.00, 214166560.00, 214166288.00, 214166320.00, 214166000.00, 214166672.00, 214166384.00, 214166912.00, 214166672.00, 214166288.00, 214166288.00, 214166688.00, 214167040.00, 214167280.00, 214167280.00, 214167280.00]
13: [214065904.00, 214066256.00, 214065088.00, 214066256.00, 214065728.00, 214065568.00, 214066384.00, 214065952.00, 214065744.00, 214065312.00, 214065952.00, 214065536.00, 214065856.00, 214065856.00, 214065904.00, 214065392.00]
14: [213956432.00, 213956480.00, 213955872.00, 213955936.00, 213955728.00, 213956560.00, 213956400.00, 213956192.00, 213955872.00, 213956448.00, 213956480.00, 213956368.00, 213956880.00, 213956576.00, 213956496.00, 213956480.00]
15: [213839024.00, 213839552.00, 213839520.00, 213839616.00, 213839184.00, 213839616.00, 213839632.00, 213838992.00, 213839120.00, 213839552.00, 213839552.00, 213839072.00, 213839088.00, 213839264.00, 213840016.00, 213839888.00]
16: [213714368.00, 213714288.00, 213714384.00, 213714736.00, 213714096.00, 213713936.00, 213714384.00, 213714848.00, 213714096.00, 213714256.00, 213714080.00, 213714320.00, 213713888.00, 213714496.00, 213714048.00, 213714048.00]
17: [213581584.00, 213580432.00, 213581136.00, 213581680.00, 213581184.00, 213580640.00, 213581072.00, 213581472.00, 213581344.00, 213581264.00, 213581584.00, 213580832.00, 213580832.00, 213580928.00, 213581776.00, 213581344.00]
18: [213439536.00, 213439584.00, 213439648.00, 213440304.00, 213439840.00, 213439536.00, 213439760.00, 213439600.00, 213440032.00, 213440224.00, 213440320.00, 213439680.00, 213439392.00, 213439648.00, 213439536.00, 213440160.00]
19: [213290912.00, 213290880.00, 213291104.00, 213289776.00, 213290736.00, 213290752.00, 213290736.00, 213290544.00, 213290432.00, 213291104.00, 213290256.00, 213290816.00, 213290800.00, 213290336.00, 213290608.00, 213290928.00]
20: [213133376.00, 213133024.00, 213133744.00, 213134272.00, 213133392.00, 213133424.00, 213133536.00, 213133504.00, 213133872.00, 213133184.00, 213133248.00, 213133328.00, 213133152.00, 213133264.00, 213133232.00, 213133632.00]
21: [212968512.00, 212968128.00, 212968128.00, 212968320.00, 212967904.00, 212967968.00, 212967664.00, 212968000.00, 212968160.00, 212968000.00, 212968304.00, 212967824.00, 212967360.00, 212968464.00, 212967616.00, 212968416.00]
22: [212794464.00, 212794832.00, 212794624.00, 212794688.00, 212794640.00, 212794800.00, 212794912.00, 212795440.00, 212794624.00, 212794560.00, 212794368.00, 212794400.00, 212794528.00, 212794384.00, 212794688.00, 212794832.00]
23: [212613392.00, 212613680.00, 212613376.00, 212613680.00, 212612816.00, 212612880.00, 212613424.00, 212613136.00, 212613456.00, 212613712.00, 212613424.00, 212613424.00, 212613184.00, 212613456.00, 212613424.00, 212613536.00]
24: [212424384.00, 212424304.00, 212424048.00, 212424144.00, 212424272.00, 212424208.00, 212424224.00, 212424048.00, 212424368.00, 212424080.00, 212423776.00, 212424048.00, 212424320.00, 212424096.00, 212424432.00, 212424304.00]
25: [212226752.00, 212226832.00, 212227184.00, 212226512.00, 212227056.00, 212226752.00, 212226880.00, 212227008.00, 212226752.00, 212226944.00, 212226416.00, 212226976.00, 212226368.00, 212226480.00, 212226464.00, 212227008.00]
26: [212021728.00, 212021280.00, 212021968.00, 212021120.00, 212021392.00, 212021472.00, 212021584.00, 212021616.00, 212021072.00, 212021440.00, 212021664.00, 212021360.00, 212021152.00, 212021392.00, 212021584.00, 212021392.00]
27: [211808272.00, 211808160.00, 211808000.00, 211808048.00, 211808240.00, 211808160.00, 211807952.00, 211808240.00, 211808160.00, 211808000.00, 211808496.00, 211808160.00, 211808096.00, 211808736.00, 211808192.00, 211808352.00]
28: [211586528.00, 211587184.00, 211586864.00, 211586448.00, 211586656.00, 211586384.00, 211586880.00, 211586752.00, 211586816.00, 211586768.00, 211586832.00, 211586512.00, 211586736.00, 211586432.00, 211586976.00, 211586816.00]
29: [211357440.00, 211358032.00, 211357824.00, 211357648.00, 211357504.00, 211357376.00, 211357600.00, 211357504.00, 211357168.00, 211357600.00, 211357552.00, 211357168.00, 211357456.00, 211357264.00, 211357760.00, 211357488.00]
30: [211120272.00, 211120480.00, 211120240.00, 211120320.00, 211120096.00, 211120272.00, 211119952.00, 211120272.00, 211120320.00, 211120256.00, 211120320.00, 211119952.00, 211120080.00, 211120496.00, 211119856.00, 211119920.00]
31: [210875312.00, 210875344.00, 210875344.00, 210875232.00, 210875792.00, 210875392.00, 210875424.00, 210875312.00, 210875200.00, 210875232.00, 210875312.00, 210875312.00, 210875536.00, 210874896.00, 210874896.00, 210874896.00]
32: [210622096.00, 210621824.00, 210621984.00, 210621872.00, 210622480.00, 210621776.00, 210622240.00, 210622320.00, 210622096.00, 210622112.00, 210621824.00, 210621952.00, 210622480.00, 210622256.00, 210622016.00, 210622096.00]
33: [210361104.00, 210361152.00, 210360992.00, 210361040.00, 210361296.00, 210360768.00, 210360672.00, 210361232.00, 210361232.00, 210360880.00, 210361008.00, 210360976.00, 210361120.00, 210360912.00, 210360960.00, 210361072.00]
34: [210091776.00, 210092272.00, 210091808.00, 210092192.00, 210092080.00, 210092080.00, 210091856.00, 210092192.00, 210091904.00, 210092080.00, 210091872.00, 210091936.00, 210092192.00, 210091840.00, 210092112.00, 210091968.00]
35: [209815248.00, 209814976.00, 209815248.00, 209815184.00, 209815520.00, 209815328.00, 209814960.00, 209815696.00, 209815216.00, 209815184.00, 209815088.00, 209815152.00, 209814912.00, 209815248.00, 209815296.00, 209815728.00]
36: [209530176.00, 209530288.00, 209530160.00, 209530528.00, 209530352.00, 209530528.00, 209530576.00, 209530416.00, 209530496.00, 209530416.00, 209530416.00, 209530320.00, 209530416.00, 209530672.00, 209530768.00, 209530608.00]
37: [209237712.00, 209237968.00, 209237664.00, 209238112.00, 209238048.00, 209237520.00, 209237856.00, 209237712.00, 209237968.00, 209237584.00, 209237808.00, 209238112.00, 209237856.00, 209238016.00, 209237824.00, 209238112.00]
38: [208937408.00, 208937232.00, 208937376.00, 208937344.00, 208937152.00, 208937232.00, 208937424.00, 208937408.00, 208937520.00, 208937296.00, 208937024.00, 208937504.00, 208937360.00, 208937520.00, 208936976.00, 208937632.00]
39: [208629104.00, 208628960.00, 208629056.00, 208628832.00, 208628960.00, 208628848.00, 208628720.00, 208628864.00, 208629040.00, 208628880.00, 208629280.00, 208628640.00, 208628848.00, 208628720.00, 208629104.00, 208629136.00]
40: [208312416.00, 208312400.00, 208312784.00, 208312480.00, 208312704.00, 208312704.00, 208312816.00, 208312496.00, 208312912.00, 208312848.00, 208312384.00, 208312640.00, 208312672.00, 208312800.00, 208312640.00, 208312832.00]
41: [207988160.00, 207988880.00, 207988448.00, 207988432.00, 207988448.00, 207988864.00, 207988448.00, 207988576.00, 207988528.00, 207988608.00, 207988320.00, 207988864.00, 207988688.00, 207988496.00, 207988576.00, 207988560.00]
42: [207656720.00, 207656848.00, 207656736.00, 207656560.00, 207656560.00, 207656592.00, 207656560.00, 207656848.00, 207656416.00, 207656784.00, 207656304.00, 207656640.00, 207656720.00, 207656848.00, 207656496.00, 207656464.00]
43: [207317040.00, 207316832.00, 207317008.00, 207317008.00, 207316912.00, 207316960.00, 207317040.00, 207317136.00, 207316880.00, 207317040.00, 207317088.00, 207316864.00, 207317040.00, 207317216.00, 207317056.00, 207316880.00]
44: [206969552.00, 206969232.00, 206969376.00, 206969152.00, 206969472.00, 206969552.00, 206969344.00, 206969408.00, 206969280.00, 206969552.00, 206969552.00, 206969248.00, 206969264.00, 206969376.00, 206969376.00, 206969312.00]
45: [206614240.00, 206614320.00, 206614000.00, 206614288.00, 206614144.00, 206614000.00, 206613936.00, 206614240.00, 206614288.00, 206613968.00, 206614160.00, 206613936.00, 206614000.00, 206614160.00, 206614240.00, 206614112.00]
46: [206250992.00, 206251056.00, 206251008.00, 206250944.00, 206250656.00, 206250688.00, 206251040.00, 206250736.00, 206251088.00, 206250960.00, 206250912.00, 206250816.00, 206250992.00, 206250656.00, 206250864.00, 206250896.00]
47: [205880336.00, 205880048.00, 205880080.00, 205880064.00, 205879760.00, 205880416.00, 205880096.00, 205880128.00, 205880096.00, 205879904.00, 205880032.00, 205879968.00, 205880160.00, 205880128.00, 205879936.00, 205879968.00]
48: [205501456.00, 205501248.00, 205501552.00, 205501616.00, 205501488.00, 205501744.00, 205501296.00, 205501360.00, 205501568.00, 205501664.00, 205501456.00, 205501568.00, 205501536.00, 205501488.00, 205501584.00, 205501392.00]
49: [205115136.00, 205115008.00, 205115040.00, 205114944.00, 205115104.00, 205115040.00, 205115152.00, 205115104.00, 205115328.00, 205114880.00, 205115152.00, 205114976.00, 205115104.00, 205115104.00, 205115008.00, 205115056.00]
50: [204720832.00, 204720960.00, 204720880.00, 204720832.00, 204720832.00, 204721056.00, 204720560.00, 204721024.00, 204720960.00, 204720880.00, 204721008.00, 204720912.00, 204720816.00, 204720816.00, 204720816.00, 204720992.00]
51: [204319184.00, 204318848.00, 204319216.00, 204319168.00, 204319056.00, 204319216.00, 204319216.00, 204319264.00, 204319296.00, 204319344.00, 204319232.00, 204319216.00, 204319040.00, 204319056.00, 204319200.00, 204318960.00]
52: [203909696.00, 203909536.00, 203909792.00, 203909728.00, 203909552.00, 203909616.00, 203909696.00, 203909792.00, 203909536.00, 203909856.00, 203909808.00, 203909728.00, 203909552.00, 203909408.00, 203909504.00, 203909664.00]
53: [203492608.00, 203492576.00, 203492576.00, 203492464.00, 203492640.00, 203492672.00, 203492560.00, 203492560.00, 203492464.00, 203492624.00, 203492608.00, 203492608.00, 203492400.00, 203492400.00, 203492640.00, 203492400.00]
54: [203067680.00, 203067792.00, 203067760.00, 203067888.00, 203067600.00, 203067712.00, 203067664.00, 203067792.00, 203067856.00, 203067776.00, 203067664.00, 203067616.00, 203067760.00, 203067872.00, 203067760.00, 203067680.00]
55: [202635232.00, 202635024.00, 202635120.00, 202635200.00, 202635104.00, 202635040.00, 202635136.00, 202635264.00, 202635168.00, 202635264.00, 202635120.00, 202635168.00, 202635184.00, 202635424.00, 202635104.00, 202635168.00]
56: [202194992.00, 202195040.00, 202195040.00, 202195264.00, 202195184.00, 202195040.00, 202195184.00, 202195072.00, 202195168.00, 202195200.00, 202195024.00, 202195072.00, 202195184.00, 202195024.00, 202195296.00, 202195152.00]
57: [201747488.00, 201747360.00, 201747296.00, 201747184.00, 201747408.00, 201747312.00, 201747312.00, 201747408.00, 201747504.00, 201747424.00, 201747488.00, 201747312.00, 201747360.00, 201747312.00, 201747312.00, 201747360.00]
58: [201292064.00, 201292080.00, 201292224.00, 201292128.00, 201292224.00, 201291952.00, 201291920.00, 201291872.00, 201292256.00, 201292128.00, 201292048.00, 201291936.00, 201292032.00, 201291808.00, 201292064.00, 201292080.00]
59: [200829248.00, 200829296.00, 200829312.00, 200829152.00, 200829296.00, 200829152.00, 200829296.00, 200829136.00, 200829216.00, 200829024.00, 200829440.00, 200829440.00, 200829312.00, 200829024.00, 200829168.00, 200829024.00]
60: [200358624.00, 200358768.00, 200358784.00, 200358688.00, 200358720.00, 200358608.00, 200358704.00, 200358592.00, 200358672.00, 200358688.00, 200358960.00, 200358624.00, 200358784.00, 200358704.00, 200358704.00, 200358544.00]
61: [199880704.00, 199880656.00, 199880768.00, 199880784.00, 199880624.00, 199880784.00, 199880768.00, 199880816.00, 199880832.00, 199880768.00, 199880672.00, 199880704.00, 199880768.00, 199880848.00, 199880720.00, 199880768.00]
62: [199395184.00, 199395296.00, 199395136.00, 199395264.00, 199395184.00, 199395296.00, 199395008.00, 199395392.00, 199395296.00, 199395280.00, 199395232.00, 199395376.00, 199395232.00, 199395232.00, 199395136.00, 199395168.00]
63: [198902224.00, 198902240.00, 198902048.00, 198902224.00, 198902224.00, 198902208.00, 198902304.00, 198902208.00, 198902224.00, 198902256.00, 198902176.00, 198902144.00, 198902224.00, 198902224.00, 198902144.00, 198902112.00]
64: [198401584.00, 198401632.00, 198401696.00, 198401584.00, 198401648.00, 198401696.00, 198401696.00, 198401648.00, 198401616.00, 198401664.00, 198401616.00, 198401680.00, 198401632.00, 198401568.00, 198401728.00, 198401520.00]
65: [197893712.00, 197893584.00, 197893696.00, 197893680.00, 197893664.00, 197893648.00, 197893744.00, 197893712.00, 197893408.00, 197893696.00, 197893424.00, 197893584.00, 197893712.00, 197893536.00, 197893632.00, 197893616.00]
66: [197378336.00, 197378416.00, 197378432.00, 197378192.00, 197378416.00, 197378400.00, 197378400.00, 197378336.00, 197378240.00, 197378224.00, 197378176.00, 197378336.00, 197378336.00, 197378336.00, 197378272.00, 197378416.00]
67: [196855392.00, 196855360.00, 196855328.00, 196855280.00, 196855424.00, 196855360.00, 196855488.00, 196855472.00, 196855344.00, 196855360.00, 196855296.00, 196855440.00, 196855344.00, 196855328.00, 196855360.00, 196855456.00]
68: [196325104.00, 196325088.00, 196325104.00, 196325184.00, 196325136.00, 196324960.00, 196325056.00, 196325056.00, 196325136.00, 196324992.00, 196325136.00, 196325216.00, 196325104.00, 196325184.00, 196324992.00, 196325200.00]
69: [195787456.00, 195787424.00, 195787360.00, 195787440.00, 195787424.00, 195787568.00, 195787328.00, 195787504.00, 195787424.00, 195787408.00, 195787440.00, 195787376.00, 195787456.00, 195787456.00, 195787472.00, 195787344.00]
70: [195242496.00, 195242368.00, 195242416.00, 195242400.00, 195242352.00, 195242320.00, 195242192.00, 195242400.00, 195242352.00, 195242512.00, 195242368.00, 195242400.00, 195242400.00, 195242400.00, 195242496.00, 195242528.00]
71: [194690000.00, 194690112.00, 194689936.00, 194689968.00, 194689936.00, 194690000.00, 194690080.00, 194689984.00, 194690048.00, 194690112.00, 194690064.00, 194690048.00, 194690000.00, 194690096.00, 194690032.00, 194690080.00]
72: [194130336.00, 194130304.00, 194130352.00, 194130320.00, 194130336.00, 194130304.00, 194130288.00, 194130400.00, 194130240.00, 194130240.00, 194130272.00, 194130272.00, 194130288.00, 194130240.00, 194130336.00, 194130272.00]
73: [193563328.00, 193563312.00, 193563184.00, 193563296.00, 193563264.00, 193563232.00, 193563120.00, 193563312.00, 193563152.00, 193563184.00, 193563264.00, 193563376.00, 193563184.00, 193563376.00, 193563152.00, 193563136.00]
74: [192988928.00, 192988848.00, 192988816.00, 192988944.00, 192988848.00, 192989024.00, 192988880.00, 192988992.00, 192988896.00, 192988896.00, 192988944.00, 192989040.00, 192989056.00, 192989104.00, 192989072.00, 192988976.00]
75: [192407328.00, 192407360.00, 192407328.00, 192407360.00, 192407328.00, 192407328.00, 192407408.00, 192407328.00, 192407328.00, 192407376.00, 192407328.00, 192407328.00, 192407408.00, 192407360.00, 192407328.00, 192407488.00]
76: [191818416.00, 191818432.00, 191818512.00, 191818480.00, 191818608.00, 191818592.00, 191818528.00, 191818528.00, 191818400.00, 191818528.00, 191818368.00, 191818560.00, 191818688.00, 191818512.00, 191818448.00, 191818512.00]
77: [191222464.00, 191222272.00, 191222352.00, 191222560.00, 191222368.00, 191222576.00, 191222496.00, 191222432.00, 191222384.00, 191222320.00, 191222496.00, 191222464.00, 191222368.00, 191222432.00, 191222432.00, 191222496.00]
78: [190619168.00, 190619168.00, 190619232.00, 190619216.00, 190619216.00, 190619248.00, 190619184.00, 190619200.00, 190619120.00, 190619200.00, 190619264.00, 190619120.00, 190619120.00, 190619360.00, 190619280.00, 190619184.00]
79: [190008864.00, 190008864.00, 190008784.00, 190008944.00, 190008736.00, 190008704.00, 190008816.00, 190008752.00, 190008752.00, 190008784.00, 190008768.00, 190008784.00, 190008784.00, 190008832.00, 190008800.00, 190008736.00]
80: [189391216.00, 189391280.00, 189391312.00, 189391248.00, 189391248.00, 189391168.00, 189391248.00, 189391280.00, 189391200.00, 189391264.00, 189391280.00, 189391104.00, 189391280.00, 189391296.00, 189391248.00, 189391248.00]
81: [188766592.00, 188766640.00, 188766448.00, 188766640.00, 188766528.00, 188766528.00, 188766560.00, 188766432.00, 188766320.00, 188766528.00, 188766464.00, 188766592.00, 188766656.00, 188766448.00, 188766560.00, 188766464.00]
82: [188134720.00, 188134720.00, 188134704.00, 188134736.00, 188134704.00, 188134720.00, 188134736.00, 188134720.00, 188134624.00, 188134720.00, 188134736.00, 188134576.00, 188134752.00, 188134720.00, 188134720.00, 188134720.00]
83: [187495856.00, 187495808.00, 187495808.00, 187495808.00, 187495840.00, 187495840.00, 187495728.00, 187495760.00, 187495728.00, 187495856.00, 187495904.00, 187495648.00, 187495824.00, 187495808.00, 187495744.00, 187495856.00]
84: [186849760.00, 186849760.00, 186849840.00, 186849744.00, 186849808.00, 186849808.00, 186849808.00, 186849808.00, 186849712.00, 186849904.00, 186849808.00, 186849840.00, 186849872.00, 186849824.00, 186849840.00, 186849840.00]
85: [186196736.00, 186196816.00, 186196768.00, 186196768.00, 186196768.00, 186196736.00, 186196704.00, 186196784.00, 186196784.00, 186196800.00, 186196784.00, 186196800.00, 186196688.00, 186196768.00, 186196848.00, 186196768.00]
86: [185536816.00, 185536688.00, 185536768.00, 185536784.00, 185536768.00, 185536832.00, 185536880.00, 185536768.00, 185536768.00, 185536832.00, 185536864.00, 185536880.00, 185536784.00, 185536880.00, 185536768.00, 185536784.00]
87: [184869808.00, 184869776.00, 184869856.00, 184869872.00, 184869824.00, 184869776.00, 184869792.00, 184869824.00, 184869856.00, 184869696.00, 184869808.00, 184869856.00, 184869872.00, 184869872.00, 184869824.00, 184869760.00]
88: [184195936.00, 184195776.00, 184195952.00, 184195792.00, 184196000.00, 184195968.00, 184195936.00, 184195856.00, 184195936.00, 184195904.00, 184196000.00, 184195936.00, 184196032.00, 184195936.00, 184195968.00, 184195904.00]
89: [183514944.00, 183514896.00, 183515120.00, 183514960.00, 183514944.00, 183514976.00, 183514960.00, 183515008.00, 183515088.00, 183514944.00, 183514928.00, 183514960.00, 183514944.00, 183515024.00, 183514928.00, 183514944.00]
90: [182827104.00, 182827104.00, 182827152.00, 182827248.00, 182827216.00, 182827200.00, 182827136.00, 182827152.00, 182827216.00, 182827216.00, 182827264.00, 182827072.00, 182827296.00, 182827280.00, 182827216.00, 182827152.00]
91: [182132544.00, 182132528.00, 182132528.00, 182132464.00, 182132528.00, 182132416.00, 182132496.00, 182132544.00, 182132624.00, 182132544.00, 182132496.00, 182132592.00, 182132496.00, 182132624.00, 182132464.00, 182132544.00]
92: [181431056.00, 181430992.00, 181430832.00, 181430928.00, 181431040.00, 181431008.00, 181430928.00, 181430944.00, 181430896.00, 181430976.00, 181430928.00, 181431008.00, 181430896.00, 181431008.00, 181430960.00, 181430976.00]
93: [180722656.00, 180722592.00, 180722528.00, 180722496.00, 180722592.00, 180722592.00, 180722528.00, 180722624.00, 180722624.00, 180722704.00, 180722528.00, 180722592.00, 180722512.00, 180722608.00, 180722752.00, 180722528.00]
94: [180007424.00, 180007296.00, 180007424.00, 180007376.00, 180007472.00, 180007520.00, 180007488.00, 180007520.00, 180007504.00, 180007440.00, 180007376.00, 180007440.00, 180007360.00, 180007440.00, 180007520.00, 180007488.00]
95: [179285488.00, 179285392.00, 179285536.00, 179285424.00, 179285616.00, 179285552.00, 179285504.00, 179285440.00, 179285504.00, 179285440.00, 179285568.00, 179285488.00, 179285360.00, 179285408.00, 179285600.00, 179285296.00]
96: [178556864.00, 178556768.00, 178556688.00, 178556768.00, 178556784.00, 178556752.00, 178556912.00, 178556784.00, 178556816.00, 178556816.00, 178556944.00, 178556752.00, 178556752.00, 178556816.00, 178556784.00, 178556800.00]
97: [177821312.00, 177821424.00, 177821344.00, 177821312.00, 177821408.00, 177821344.00, 177821424.00, 177821344.00, 177821392.00, 177821376.00, 177821344.00, 177821408.00, 177821392.00, 177821488.00, 177821360.00, 177821360.00]
98: [177079232.00, 177079376.00, 177079264.00, 177079232.00, 177079344.00, 177079232.00, 177079200.00, 177079328.00, 177079248.00, 177079232.00, 177079232.00, 177079312.00, 177079248.00, 177079168.00, 177079280.00, 177079312.00]
99: [176330464.00, 176330448.00, 176330496.00, 176330560.00, 176330592.00, 176330480.00, 176330384.00, 176330416.00, 176330528.00, 176330496.00, 176330480.00, 176330512.00, 176330560.00, 176330432.00, 176330464.00, 176330608.00]
100: [175574912.00, 175575088.00, 175574976.00, 175575104.00, 175575088.00, 175575040.00, 175575008.00, 175575152.00, 175575056.00, 175575104.00, 175575040.00, 175575072.00, 175574976.00, 175574992.00, 175575040.00, 175575088.00]
101: [174812896.00, 174813024.00, 174813008.00, 174812976.00, 174813056.00, 174812992.00, 174812992.00, 174813184.00, 174813072.00, 174813008.00, 174813088.00, 174813072.00, 174812912.00, 174813008.00, 174812960.00, 174813008.00]
102: [174044368.00, 174044432.00, 174044320.00, 174044384.00, 174044432.00, 174044304.00, 174044384.00, 174044336.00, 174044464.00, 174044400.00, 174044464.00, 174044352.00, 174044432.00, 174044496.00, 174044352.00, 174044480.00]
103: [173269216.00, 173269264.00, 173269232.00, 173269152.00, 173269312.00, 173269216.00, 173269248.00, 173269296.00, 173269216.00, 173269264.00, 173269280.00, 173269280.00, 173269232.00, 173269216.00, 173269168.00, 173269232.00]
104: [172487472.00, 172487552.00, 172487504.00, 172487520.00, 172487440.00, 172487616.00, 172487488.00, 172487536.00, 172487472.00, 172487600.00, 172487648.00, 172487408.00, 172487440.00, 172487536.00, 172487552.00, 172487552.00]
105: [171699360.00, 171699328.00, 171699280.00, 171699312.00, 171699408.00, 171699440.00, 171699360.00, 171699312.00, 171699440.00, 171699248.00, 171699360.00, 171699360.00, 171699440.00, 171699424.00, 171699312.00, 171699344.00]
106: [170904752.00, 170904752.00, 170904784.00, 170904704.00, 170904800.00, 170904736.00, 170904640.00, 170904720.00, 170904784.00, 170904736.00, 170904752.00, 170904784.00, 170904832.00, 170904800.00, 170904720.00, 170904672.00]
107: [170103568.00, 170103696.00, 170103696.00, 170103648.00, 170103680.00, 170103616.00, 170103648.00, 170103552.00, 170103664.00, 170103696.00, 170103600.00, 170103552.00, 170103552.00, 170103616.00, 170103552.00, 170103536.00]
108: [169296208.00, 169296160.00, 169296256.00, 169296176.00, 169296064.00, 169296176.00, 169296160.00, 169296160.00, 169296240.00, 169296160.00, 169296192.00, 169296112.00, 169296176.00, 169296208.00, 169296240.00, 169296048.00]
109: [168482240.00, 168482304.00, 168482272.00, 168482320.00, 168482272.00, 168482256.00, 168482288.00, 168482208.00, 168482208.00, 168482304.00, 168482224.00, 168482304.00, 168482288.00, 168482288.00, 168482288.00, 168482304.00]
110: [167662080.00, 167662032.00, 167662160.00, 167662192.00, 167661968.00, 167662160.00, 167662160.00, 167662080.00, 167662112.00, 167662048.00, 167662064.00, 167662176.00, 167662000.00, 167662064.00, 167662064.00, 167662048.00]
111: [166835584.00, 166835632.00, 166835616.00, 166835568.00, 166835456.00, 166835600.00, 166835600.00, 166835568.00, 166835552.00, 166835600.00, 166835552.00, 166835664.00, 166835520.00, 166835584.00, 166835632.00, 166835504.00]
112: [166002768.00, 166002624.00, 166002864.00, 166002688.00, 166002912.00, 166002800.00, 166002704.00, 166002720.00, 166002688.00, 166002720.00, 166002736.00, 166002752.00, 166002720.00, 166002832.00, 166002800.00, 166002704.00]
113: [165163728.00, 165163632.00, 165163696.00, 165163792.00, 165163696.00, 165163728.00, 165163648.00, 165163728.00, 165163664.00, 165163696.00, 165163728.00, 165163696.00, 165163728.00, 165163808.00, 165163824.00, 165163808.00]
114: [164318448.00, 164318496.00, 164318448.00, 164318512.00, 164318448.00, 164318432.00, 164318432.00, 164318528.00, 164318544.00, 164318416.00, 164318448.00, 164318496.00, 164318352.00, 164318512.00, 164318448.00, 164318384.00]
115: [163466976.00, 163467104.00, 163467024.00, 163466960.00, 163467040.00, 163466960.00, 163466960.00, 163467104.00, 163467040.00, 163466896.00, 163467072.00, 163466992.00, 163466976.00, 163467072.00, 163467008.00, 163467040.00]
116: [162609360.00, 162609472.00, 162609328.00, 162609456.00, 162609408.00, 162609488.00, 162609424.00, 162609424.00, 162609424.00, 162609392.00, 162609472.00, 162609552.00, 162609392.00, 162609424.00, 162609424.00, 162609456.00]
117: [161745600.00, 161745696.00, 161745776.00, 161745696.00, 161745552.00, 161745696.00, 161745696.00, 161745632.00, 161745712.00, 161745680.00, 161745616.00, 161745712.00, 161745744.00, 161745712.00, 161745616.00, 161745728.00]
118: [160875776.00, 160875888.00, 160875792.00, 160875904.00, 160875824.00, 160875872.00, 160875856.00, 160875888.00, 160875856.00, 160875792.00, 160875872.00, 160875856.00, 160875888.00, 160875824.00, 160875824.00, 160875888.00]
119: [160000000.00, 159999952.00, 159999936.00, 159999984.00, 159999968.00, 159999968.00, 159999968.00, 160000048.00, 160000000.00, 159999984.00, 159999936.00, 160000000.00, 160000000.00, 159999968.00, 160000016.00, 160000048.00]
120: [159118064.00, 159117984.00, 159118144.00, 159118176.00, 159118016.00, 159118112.00, 159118048.00, 159118176.00, 159118048.00, 159118016.00, 159117984.00, 159118128.00, 159118080.00, 159118128.00, 159118176.00, 159118080.00]
121: [158230192.00, 158230112.00, 158230208.00, 158230192.00, 158230160.00, 158230160.00, 158230160.00, 158230160.00, 158230288.00, 158230240.00, 158230144.00, 158230224.00, 158230288.00, 158230240.00, 158230288.00, 158230160.00]
122: [157336336.00, 157336416.00, 157336480.00, 157336304.00, 157336336.00, 157336416.00, 157336336.00, 157336304.00, 157336400.00, 157336480.00, 157336400.00, 157336400.00, 157336272.00, 157336352.00, 157336352.00, 157336432.00]
123: [156436592.00, 156436672.00, 156436688.00, 156436512.00, 156436656.00, 156436592.00, 156436576.00, 156436624.00, 156436512.00, 156436576.00, 156436560.00, 156436624.00, 156436608.00, 156436512.00, 156436624.00, 156436656.00]
124: [155530944.00, 155530912.00, 155531104.00, 155530864.00, 155530928.00, 155530992.00, 155530960.00, 155530960.00, 155530864.00, 155531024.00, 155531040.00, 155530992.00, 155530960.00, 155530928.00, 155530928.00, 155530928.00]
125: [154619424.00, 154619376.00, 154619456.00, 154619408.00, 154619376.00, 154619392.00, 154619472.00, 154619568.00, 154619472.00, 154619424.00, 154619472.00, 154619424.00, 154619456.00, 154619488.00, 154619520.00, 154619376.00]
126: [153702112.00, 153702112.00, 153702128.00, 153702032.00, 153702064.00, 153702080.00, 153702144.00, 153702080.00, 153702096.00, 153702032.00, 153702112.00, 153702128.00, 153702112.00, 153702128.00, 153702096.00, 153702048.00]
127: [152778976.00, 152779072.00, 152779040.00, 152778976.00, 152778944.00, 152778960.00, 152779008.00, 152778944.00, 152778976.00, 152779008.00, 152778992.00, 152779008.00, 152778992.00, 152778960.00, 152779056.00, 152779056.00]
128: [151850048.00, 151850064.00, 151850032.00, 151850080.00, 151850032.00, 151850016.00, 151850064.00, 151850048.00, 151850016.00, 151850048.00, 151850016.00, 151850048.00, 151850064.00, 151850112.00, 151850112.00, 151850128.00]
129: [150915408.00, 150915488.00, 150915504.00, 150915584.00, 150915392.00, 150915488.00, 150915520.00, 150915408.00, 150915472.00, 150915456.00, 150915488.00, 150915440.00, 150915328.00, 150915424.00, 150915472.00, 150915520.00]
130: [149975184.00, 149975184.00, 149975168.00, 149975200.00, 149975232.00, 149975184.00, 149975216.00, 149975168.00, 149975184.00, 149975152.00, 149975248.00, 149975200.00, 149975200.00, 149975200.00, 149975168.00, 149975216.00]
131: [149029280.00, 149029328.00, 149029168.00, 149029232.00, 149029248.00, 149029280.00, 149029328.00, 149029280.00, 149029216.00, 149029248.00, 149029200.00, 149029376.00, 149029248.00, 149029184.00, 149029232.00, 149029360.00]
132: [148077712.00, 148077776.00, 148077632.00, 148077728.00, 148077728.00, 148077712.00, 148077776.00, 148077776.00, 148077680.00, 148077712.00, 148077664.00, 148077776.00, 148077712.00, 148077744.00, 148077808.00, 148077776.00]
133: [147120608.00, 147120560.00, 147120688.00, 147120640.00, 147120640.00, 147120656.00, 147120672.00, 147120656.00, 147120656.00, 147120528.00, 147120608.00, 147120672.00, 147120672.00, 147120592.00, 147120688.00, 147120656.00]
134: [146157984.00, 146157904.00, 146158016.00, 146157968.00, 146158016.00, 146157904.00, 146157968.00, 146157952.00, 146158000.00, 146158016.00, 146157936.00, 146157984.00, 146157888.00, 146157984.00, 146158016.00, 146158016.00]
135: [145189808.00, 145189760.00, 145189856.00, 145189856.00, 145189888.00, 145189856.00, 145189840.00, 145189856.00, 145189840.00, 145189872.00, 145189840.00, 145189872.00, 145189824.00, 145189808.00, 145189840.00, 145189872.00]
136: [144216224.00, 144216224.00, 144216096.00, 144216320.00, 144216256.00, 144216192.00, 144216304.00, 144216304.00, 144216144.00, 144216256.00, 144216160.00, 144216304.00, 144216144.00, 144216192.00, 144216224.00, 144216240.00]
137: [143237152.00, 143237088.00, 143237184.00, 143237184.00, 143237136.00, 143237248.00, 143237248.00, 143237264.00, 143237088.00, 143237216.00, 143237120.00, 143237200.00, 143237216.00, 143237136.00, 143237312.00, 143237152.00]
138: [142252720.00, 142252768.00, 142252768.00, 142252800.00, 142252704.00, 142252752.00, 142252688.00, 142252800.00, 142252720.00, 142252784.00, 142252752.00, 142252768.00, 142252704.00, 142252704.00, 142252752.00, 142252688.00]
139: [141262976.00, 141262944.00, 141262928.00, 141262928.00, 141262944.00, 141262928.00, 141262928.00, 141262960.00, 141262960.00, 141263008.00, 141263008.00, 141262928.00, 141262912.00, 141262960.00, 141262928.00, 141262960.00]
140: [140267824.00, 140267888.00, 140267872.00, 140267792.00, 140267744.00, 140267920.00, 140267856.00, 140267808.00, 140267856.00, 140267856.00, 140267840.00, 140267840.00, 140267936.00, 140267840.00, 140267840.00, 140267776.00]
141: [139267392.00, 139267520.00, 139267392.00, 139267408.00, 139267456.00, 139267520.00, 139267392.00, 139267376.00, 139267504.00, 139267392.00, 139267456.00, 139267440.00, 139267456.00, 139267392.00, 139267456.00, 139267456.00]
142: [138261808.00, 138261840.00, 138261760.00, 138261744.00, 138261776.00, 138261824.00, 138261808.00, 138261824.00, 138261696.00, 138261760.00, 138261840.00, 138261744.00, 138261824.00, 138261776.00, 138261744.00, 138261776.00]
143: [137250976.00, 137250992.00, 137251104.00, 137250928.00, 137250896.00, 137250960.00, 137250960.00, 137250992.00, 137250880.00, 137250960.00, 137250928.00, 137250912.00, 137250992.00, 137250864.00, 137250880.00, 137250912.00]
144: [136234896.00, 136235008.00, 136234976.00, 136234992.00, 136234960.00, 136235024.00, 136234976.00, 136234864.00, 136234928.00, 136234976.00, 136234912.00, 136234896.00, 136234976.00, 136234960.00, 136235024.00, 136234944.00]
145: [135213808.00, 135213808.00, 135213856.00, 135213888.00, 135213808.00, 135213856.00, 135213808.00, 135213808.00, 135213792.00, 135213808.00, 135213792.00, 135213776.00, 135213856.00, 135213744.00, 135213840.00, 135213776.00]
146: [134187496.00, 134187616.00, 134187568.00, 134187584.00, 134187536.00, 134187680.00, 134187576.00, 134187640.00, 134187560.00, 134187528.00, 134187544.00, 134187608.00, 134187648.00, 134187560.00, 134187568.00, 134187592.00]
147: [133156304.00, 133156296.00, 133156328.00, 133156296.00, 133156272.00, 133156336.00, 133156296.00, 133156352.00, 133156280.00, 133156376.00, 133156224.00, 133156240.00, 133156312.00, 133156328.00, 133156272.00, 133156328.00]
148: [132120000.00, 132119992.00, 132119976.00, 132119992.00, 132120032.00, 132120048.00, 132120024.00, 132120056.00, 132120000.00, 132119992.00, 132120072.00, 132120008.00, 132120088.00, 132119984.00, 132119880.00, 132120008.00]
149: [131078784.00, 131078760.00, 131078784.00, 131078712.00, 131078816.00, 131078800.00, 131078784.00, 131078752.00, 131078808.00, 131078752.00, 131078696.00, 131078736.00, 131078736.00, 131078736.00, 131078704.00, 131078712.00]
150: [130032528.00, 130032528.00, 130032608.00, 130032560.00, 130032528.00, 130032624.00, 130032512.00, 130032560.00, 130032568.00, 130032560.00, 130032488.00, 130032528.00, 130032512.00, 130032528.00, 130032528.00, 130032600.00]
151: [128981392.00, 128981456.00, 128981472.00, 128981400.00, 128981376.00, 128981488.00, 128981496.00, 128981424.00, 128981392.00, 128981520.00, 128981408.00, 128981424.00, 128981456.00, 128981384.00, 128981400.00, 128981344.00]
152: [127925392.00, 127925464.00, 127925416.00, 127925408.00, 127925440.00, 127925576.00, 127925488.00, 127925520.00, 127925488.00, 127925400.00, 127925416.00, 127925432.00, 127925576.00, 127925560.00, 127925456.00, 127925432.00]
153: [126864672.00, 126864768.00, 126864664.00, 126864728.00, 126864704.00, 126864800.00, 126864688.00, 126864680.00, 126864752.00, 126864672.00, 126864640.00, 126864640.00, 126864744.00, 126864784.00, 126864768.00, 126864728.00]
154: [125799120.00, 125799232.00, 125799144.00, 125799216.00, 125799128.00, 125799232.00, 125799144.00, 125799104.00, 125799144.00, 125799144.00, 125799128.00, 125799128.00, 125799176.00, 125799176.00, 125799216.00, 125799192.00]
155: [124728872.00, 124728864.00, 124728880.00, 124728872.00, 124728816.00, 124729016.00, 124728920.00, 124728904.00, 124728880.00, 124728760.00, 124728888.00, 124728824.00, 124728944.00, 124728912.00, 124728912.00, 124728912.00]
156: [123653936.00, 123653912.00, 123653864.00, 123653904.00, 123654008.00, 123653968.00, 123653952.00, 123653904.00, 123653840.00, 123653856.00, 123653824.00, 123653880.00, 123653848.00, 123653888.00, 123653904.00, 123653912.00]
157: [122574240.00, 122574304.00, 122574208.00, 122574240.00, 122574328.00, 122574288.00, 122574280.00, 122574192.00, 122574288.00, 122574216.00, 122574216.00, 122574312.00, 122574168.00, 122574208.00, 122574272.00, 122574280.00]
158: [121490016.00, 121489960.00, 121490056.00, 121490112.00, 121489992.00, 121489952.00, 121490168.00, 121490000.00, 121490056.00, 121489992.00, 121489992.00, 121490040.00, 121490064.00, 121490040.00, 121490088.00, 121490008.00]
159: [120401280.00, 120401160.00, 120401152.00, 120401280.00, 120401200.00, 120401184.00, 120401208.00, 120401264.00, 120401208.00, 120401112.00, 120401176.00, 120401216.00, 120401280.00, 120401232.00, 120401240.00, 120401104.00]
160: [119307848.00, 119307792.00, 119307856.00, 119307896.00, 119307840.00, 119307792.00, 119307824.00, 119307816.00, 119307872.00, 119307824.00, 119307832.00, 119307864.00, 119307760.00, 119307848.00, 119307808.00, 119307832.00]
161: [118209992.00, 118209984.00, 118209992.00, 118209992.00, 118210016.00, 118209976.00, 118209968.00, 118210024.00, 118210008.00, 118209928.00, 118209952.00, 118209992.00, 118210000.00, 118209960.00, 118209960.00, 118209976.00]
162: [117107712.00, 117107648.00, 117107688.00, 117107672.00, 117107608.00, 117107608.00, 117107632.00, 117107664.00, 117107688.00, 117107672.00, 117107672.00, 117107712.00, 117107624.00, 117107680.00, 117107728.00, 117107608.00]
163: [116001008.00, 116000960.00, 116000968.00, 116000968.00, 116000928.00, 116001000.00, 116000936.00, 116000968.00, 116000976.00, 116000936.00, 116000960.00, 116000984.00, 116000848.00, 116000960.00, 116000984.00, 116001000.00]
164: [114889888.00, 114890016.00, 114889960.00, 114889944.00, 114889904.00, 114889936.00, 114889896.00, 114889952.00, 114889928.00, 114889904.00, 114889872.00, 114889920.00, 114889864.00, 114889936.00, 114889904.00, 114889896.00]
165: [113774472.00, 113774504.00, 113774528.00, 113774624.00, 113774448.00, 113774472.00, 113774568.00, 113774560.00, 113774656.00, 113774448.00, 113774464.00, 113774464.00, 113774392.00, 113774528.00, 113774544.00, 113774440.00]
166: [112654688.00, 112654776.00, 112654720.00, 112654760.00, 112654760.00, 112654744.00, 112654832.00, 112654800.00, 112654896.00, 112654760.00, 112654760.00, 112654776.00, 112654744.00, 112654872.00, 112654784.00, 112654744.00]
167: [111530976.00, 111530976.00, 111530880.00, 111530912.00, 111530944.00, 111530920.00, 111530920.00, 111530928.00, 111530880.00, 111530856.00, 111530944.00, 111530928.00, 111530848.00, 111530896.00, 111530872.00, 111530912.00]
168: [110402880.00, 110402848.00, 110402840.00, 110402808.00, 110402816.00, 110402768.00, 110402800.00, 110402792.00, 110402888.00, 110402728.00, 110402880.00, 110402792.00, 110402752.00, 110402872.00, 110402840.00, 110402808.00]
169: [109270400.00, 109270496.00, 109270488.00, 109270448.00, 109270424.00, 109270400.00, 109270440.00, 109270456.00, 109270440.00, 109270392.00, 109270440.00, 109270464.00, 109270416.00, 109270480.00, 109270448.00, 109270480.00]
170: [108134080.00, 108134064.00, 108134120.00, 108134016.00, 108134056.00, 108134024.00, 108134072.00, 108134056.00, 108134080.00, 108134048.00, 108134000.00, 108134016.00, 108134016.00, 108134120.00, 108134056.00, 108134096.00]
171: [106993648.00, 106993488.00, 106993624.00, 106993560.00, 106993584.00, 106993568.00, 106993608.00, 106993624.00, 106993680.00, 106993560.00, 106993528.00, 106993624.00, 106993568.00, 106993656.00, 106993616.00, 106993600.00]
172: [105849136.00, 105849064.00, 105849128.00, 105849160.00, 105849160.00, 105849184.00, 105849072.00, 105849200.00, 105849168.00, 105849072.00, 105849120.00, 105849160.00, 105849072.00, 105849168.00, 105849088.00, 105849112.00]
173: [104700584.00, 104700512.00, 104700592.00, 104700608.00, 104700648.00, 104700608.00, 104700656.00, 104700632.00, 104700592.00, 104700576.00, 104700680.00, 104700664.00, 104700624.00, 104700696.00, 104700624.00, 104700584.00]
174: [103548128.00, 103548176.00, 103548232.00, 103548168.00, 103548136.00, 103548152.00, 103548128.00, 103548160.00, 103548136.00, 103548200.00, 103548184.00, 103548184.00, 103548152.00, 103548128.00, 103548144.00, 103548104.00]
175: [102391880.00, 102391848.00, 102391864.00, 102391928.00, 102391888.00, 102391880.00, 102391904.00, 102391848.00, 102391888.00, 102391912.00, 102391816.00, 102391896.00, 102391880.00, 102391896.00, 102391968.00, 102391848.00]
176: [101231688.00, 101231656.00, 101231640.00, 101231752.00, 101231704.00, 101231640.00, 101231776.00, 101231640.00, 101231688.00, 101231720.00, 101231640.00, 101231712.00, 101231656.00, 101231736.00, 101231688.00, 101231640.00]
177: [100067656.00, 100067784.00, 100067712.00, 100067848.00, 100067680.00, 100067728.00, 100067712.00, 100067688.00, 100067776.00, 100067712.00, 100067712.00, 100067712.00, 100067704.00, 100067720.00, 100067744.00, 100067568.00]
178: [98899904.00, 98900032.00, 98900000.00, 98900032.00, 98899880.00, 98899984.00, 98899936.00, 98899880.00, 98899984.00, 98900000.00, 98899984.00, 98899984.00, 98900016.00, 98900008.00, 98899936.00, 98899944.00]
179: [97728488.00, 97728464.00, 97728440.00, 97728440.00, 97728376.00, 97728440.00, 97728488.00, 97728480.00, 97728568.00, 97728464.00, 97728496.00, 97728464.00, 97728400.00, 97728488.00, 97728416.00, 97728528.00]
180: [96553288.00, 96553288.00, 96553320.00, 96553296.00, 96553352.00, 96553312.00, 96553328.00, 96553272.00, 96553368.00, 96553376.00, 96553320.00, 96553312.00, 96553328.00, 96553360.00, 96553288.00, 96553288.00]
181: [95374464.00, 95374488.00, 95374504.00, 95374600.00, 95374592.00, 95374536.00, 95374536.00, 95374464.00, 95374552.00, 95374520.00, 95374544.00, 95374576.00, 95374552.00, 95374584.00, 95374520.00, 95374544.00]
182: [94192144.00, 94192136.00, 94192120.00, 94192168.00, 94192120.00, 94192120.00, 94192128.00, 94192056.00, 94192112.00, 94192112.00, 94192128.00, 94192152.00, 94192184.00, 94192088.00, 94192064.00, 94192192.00]
183: [93006184.00, 93006176.00, 93006264.00, 93006128.00, 93006256.00, 93006256.00, 93006176.00, 93006168.00, 93006144.00, 93006232.00, 93006176.00, 93006240.00, 93006232.00, 93006192.00, 93006224.00, 93006208.00]
184: [91816776.00, 91816720.00, 91816808.00, 91816768.00, 91816808.00, 91816800.00, 91816736.00, 91816680.00, 91816792.00, 91816776.00, 91816736.00, 91816736.00, 91816720.00, 91816752.00, 91816728.00, 91816800.00]
185: [90623816.00, 90623920.00, 90623872.00, 90623920.00, 90623840.00, 90623920.00, 90623936.00, 90623808.00, 90623864.00, 90623896.00, 90623904.00, 90623864.00, 90623824.00, 90623816.00, 90623792.00, 90623800.00]
186: [89427600.00, 89427688.00, 89427664.00, 89427600.00, 89427632.00, 89427568.00, 89427600.00, 89427544.00, 89427544.00, 89427552.00, 89427672.00, 89427552.00, 89427560.00, 89427568.00, 89427568.00, 89427568.00]
187: [88227936.00, 88227976.00, 88227872.00, 88227952.00, 88227944.00, 88227888.00, 88227944.00, 88227880.00, 88227888.00, 88227904.00, 88227952.00, 88227936.00, 88227952.00, 88227976.00, 88227880.00, 88227904.00]
188: [87024952.00, 87024912.00, 87024896.00, 87025016.00, 87025040.00, 87024936.00, 87025040.00, 87024952.00, 87024912.00, 87024896.00, 87024896.00, 87024976.00, 87025024.00, 87024976.00, 87024864.00, 87024952.00]
189: [85818632.00, 85818664.00, 85818632.00, 85818760.00, 85818648.00, 85818688.00, 85818688.00, 85818616.00, 85818640.00, 85818624.00, 85818600.00, 85818704.00, 85818720.00, 85818744.00, 85818656.00, 85818704.00]
190: [84609064.00, 84609128.00, 84609184.00, 84609176.00, 84609216.00, 84609128.00, 84609184.00, 84609128.00, 84609096.00, 84609200.00, 84609184.00, 84609120.00, 84609136.00, 84609200.00, 84609152.00, 84609136.00]
191: [83396464.00, 83396392.00, 83396488.00, 83396432.00, 83396480.00, 83396384.00, 83396512.00, 83396440.00, 83396368.00, 83396536.00, 83396448.00, 83396456.00, 83396544.00, 83396456.00, 83396456.00, 83396416.00]
192: [82180616.00, 82180640.00, 82180712.00, 82180624.00, 82180728.00, 82180632.00, 82180664.00, 82180696.00, 82180544.00, 82180736.00, 82180664.00, 82180624.00, 82180584.00, 82180616.00, 82180656.00, 82180640.00]
193: [80961704.00, 80961760.00, 80961728.00, 80961744.00, 80961744.00, 80961728.00, 80961720.00, 80961752.00, 80961608.00, 80961760.00, 80961768.00, 80961704.00, 80961752.00, 80961696.00, 80961808.00, 80961680.00]
194: [79739720.00, 79739720.00, 79739752.00, 79739752.00, 79739800.00, 79739736.00, 79739816.00, 79739768.00, 79739712.00, 79739768.00, 79739800.00, 79739776.00, 79739808.00, 79739776.00, 79739840.00, 79739656.00]
195: [78514792.00, 78514808.00, 78514816.00, 78514752.00, 78514784.00, 78514760.00, 78514824.00, 78514880.00, 78514808.00, 78514752.00, 78514752.00, 78514840.00, 78514824.00, 78514744.00, 78514752.00, 78514808.00]
196: [77286952.00, 77286912.00, 77286880.00, 77286904.00, 77286856.00, 77286872.00, 77286944.00, 77286992.00, 77286944.00, 77286856.00, 77286848.00, 77286840.00, 77286864.00, 77286840.00, 77286872.00, 77286816.00]
197: [76056144.00, 76056112.00, 76056032.00, 76056032.00, 76056048.00, 76056000.00, 76056144.00, 76056048.00, 76056072.00, 76056096.00, 76055944.00, 76056072.00, 76056032.00, 76056080.00, 76055984.00, 76055968.00]
198: [74822504.00, 74822360.00, 74822304.00, 74822376.00, 74822304.00, 74822288.00, 74822408.00, 74822368.00, 74822392.00, 74822352.00, 74822336.00, 74822384.00, 74822368.00, 74822424.00, 74822456.00, 74822368.00]
199: [73585872.00, 73585928.00, 73585808.00, 73585824.00, 73585832.00, 73585792.00, 73585880.00, 73585848.00, 73585784.00, 73585856.00, 73585704.00, 73585792.00, 73585840.00, 73585792.00, 73585856.00, 73585880.00]
200: [72346544.00, 72346520.00, 72346504.00, 72346568.00, 72346496.00, 72346544.00, 72346504.00, 72346584.00, 72346504.00, 72346592.00, 72346504.00, 72346576.00, 72346568.00, 72346560.00, 72346512.00, 72346568.00]
201: [71104600.00, 71104600.00, 71104512.00, 71104536.00, 71104544.00, 71104648.00, 71104552.00, 71104536.00, 71104560.00, 71104576.00, 71104536.00, 71104568.00, 71104592.00, 71104616.00, 71104592.00, 71104552.00]
202: [69859928.00, 69859912.00, 69859808.00, 69859872.00, 69859824.00, 69859912.00, 69859872.00, 69859872.00, 69859888.00, 69859840.00, 69859904.00, 69859840.00, 69859856.00, 69859816.00, 69859800.00, 69859824.00]
203: [68612552.00, 68612456.00, 68612432.00, 68612512.00, 68612584.00, 68612568.00, 68612616.00, 68612560.00, 68612472.00, 68612520.00, 68612568.00, 68612616.00, 68612552.00, 68612544.00, 68612504.00, 68612504.00]
204: [67362672.00, 67362672.00, 67362688.00, 67362640.00, 67362776.00, 67362672.00, 67362760.00, 67362680.00, 67362656.00, 67362688.00, 67362720.00, 67362752.00, 67362680.00, 67362616.00, 67362680.00, 67362688.00]
205: [66110292.00, 66110240.00, 66110248.00, 66110120.00, 66110220.00, 66110180.00, 66110180.00, 66110224.00, 66110204.00, 66110184.00, 66110160.00, 66110152.00, 66110136.00, 66110296.00, 66110180.00, 66110200.00]
206: [64855292.00, 64855280.00, 64855352.00, 64855196.00, 64855208.00, 64855292.00, 64855232.00, 64855232.00, 64855188.00, 64855256.00, 64855352.00, 64855152.00, 64855176.00, 64855208.00, 64855176.00, 64855180.00]
207: [63597912.00, 63597888.00, 63597876.00, 63597780.00, 63597912.00, 63597996.00, 63597928.00, 63597892.00, 63597928.00, 63597924.00, 63598044.00, 63597812.00, 63597824.00, 63597888.00, 63597932.00, 63597904.00]
208: [62338304.00, 62338140.00, 62338136.00, 62338240.00, 62338176.00, 62338232.00, 62338208.00, 62338112.00, 62338124.00, 62338244.00, 62338168.00, 62338092.00, 62338188.00, 62338252.00, 62338160.00, 62338064.00]
209: [61076076.00, 61076080.00, 61076072.00, 61076112.00, 61076088.00, 61075960.00, 61076084.00, 61076016.00, 61076064.00, 61076088.00, 61076044.00, 61076172.00, 61076000.00, 61076068.00, 61075988.00, 61076024.00]
210: [59811628.00, 59811724.00, 59811612.00, 59811608.00, 59811820.00, 59811704.00, 59811704.00, 59811704.00, 59811740.00, 59811728.00, 59811716.00, 59811692.00, 59811612.00, 59811624.00, 59811600.00, 59811576.00]
211: [58545044.00, 58545036.00, 58545040.00, 58544836.00, 58545112.00, 58544976.00, 58545012.00, 58545036.00, 58544976.00, 58544860.00, 58545068.00, 58544848.00, 58544956.00, 58545004.00, 58545000.00, 58544928.00]
212: [57276104.00, 57276204.00, 57276252.00, 57276008.00, 57276168.00, 57276168.00, 57276188.00, 57276152.00, 57276168.00, 57276124.00, 57276152.00, 57276136.00, 57276120.00, 57276092.00, 57276164.00, 57276220.00]
213: [56005172.00, 56005108.00, 56005172.00, 56005008.00, 56005108.00, 56005172.00, 56005136.00, 56005076.00, 56005132.00, 56005112.00, 56005192.00, 56005116.00, 56005196.00, 56005132.00, 56005132.00, 56005096.00]
214: [54731960.00, 54732024.00, 54731948.00, 54731964.00, 54732036.00, 54731972.00, 54732028.00, 54731908.00, 54732020.00, 54732020.00, 54732116.00, 54731952.00, 54731908.00, 54732156.00, 54731956.00, 54731948.00]
215: [53456860.00, 53456816.00, 53456724.00, 53456804.00, 53456888.00, 53456712.00, 53456780.00, 53456700.00, 53456868.00, 53456944.00, 53456836.00, 53456792.00, 53456808.00, 53456740.00, 53456812.00, 53456796.00]
216: [52179716.00, 52179592.00, 52179536.00, 52179612.00, 52179672.00, 52179576.00, 52179588.00, 52179560.00, 52179644.00, 52179588.00, 52179692.00, 52179576.00, 52179676.00, 52179620.00, 52179628.00, 52179656.00]
217: [50900436.00, 50900368.00, 50900372.00, 50900412.00, 50900492.00, 50900468.00, 50900448.00, 50900444.00, 50900488.00, 50900436.00, 50900440.00, 50900476.00, 50900436.00, 50900436.00, 50900428.00, 50900472.00]
218: [49619272.00, 49619336.00, 49619264.00, 49619396.00, 49619288.00, 49619344.00, 49619296.00, 49619312.00, 49619352.00, 49619356.00, 49619280.00, 49619368.00, 49619344.00, 49619280.00, 49619248.00, 49619316.00]
219: [48336464.00, 48336348.00, 48336416.00, 48336436.00, 48336472.00, 48336484.00, 48336472.00, 48336424.00, 48336480.00, 48336524.00, 48336484.00, 48336460.00, 48336316.00, 48336436.00, 48336364.00, 48336428.00]
220: [47051604.00, 47051628.00, 47051608.00, 47051600.00, 47051552.00, 47051652.00, 47051612.00, 47051576.00, 47051720.00, 47051716.00, 47051684.00, 47051668.00, 47051568.00, 47051620.00, 47051644.00, 47051596.00]
221: [45765076.00, 45765136.00, 45765100.00, 45765036.00, 45765156.00, 45765116.00, 45765152.00, 45765048.00, 45765188.00, 45765176.00, 45765008.00, 45765040.00, 45765144.00, 45765076.00, 45765160.00, 45765140.00]
222: [44476916.00, 44476840.00, 44476864.00, 44476896.00, 44476876.00, 44476868.00, 44476804.00, 44476816.00, 44476864.00, 44476828.00, 44476832.00, 44476868.00, 44476792.00, 44476816.00, 44476932.00, 44476804.00]
223: [43186932.00, 43186848.00, 43186828.00, 43186904.00, 43187068.00, 43186908.00, 43186892.00, 43186852.00, 43186828.00, 43186832.00, 43186816.00, 43186976.00, 43186988.00, 43187032.00, 43186924.00, 43186808.00]
224: [41895320.00, 41895300.00, 41895312.00, 41895268.00, 41895328.00, 41895224.00, 41895380.00, 41895372.00, 41895376.00, 41895372.00, 41895328.00, 41895288.00, 41895296.00, 41895296.00, 41895324.00, 41895344.00]
225: [40602112.00, 40602120.00, 40602144.00, 40602148.00, 40602076.00, 40602144.00, 40602256.00, 40602180.00, 40602180.00, 40602096.00, 40602204.00, 40602184.00, 40602188.00, 40602160.00, 40602300.00, 40602200.00]
226: [39307536.00, 39307420.00, 39307496.00, 39307580.00, 39307540.00, 39307420.00, 39307544.00, 39307560.00, 39307524.00, 39307488.00, 39307564.00, 39307548.00, 39307512.00, 39307436.00, 39307548.00, 39307620.00]
227: [38011364.00, 38011400.00, 38011308.00, 38011396.00, 38011436.00, 38011412.00, 38011384.00, 38011456.00, 38011292.00, 38011376.00, 38011420.00, 38011388.00, 38011276.00, 38011292.00, 38011368.00, 38011384.00]
228: [36713788.00, 36713764.00, 36713768.00, 36713780.00, 36713760.00, 36713776.00, 36713776.00, 36713832.00, 36713740.00, 36713812.00, 36713884.00, 36713824.00, 36713768.00, 36713800.00, 36713732.00, 36713720.00]
229: [35414824.00, 35414768.00, 35414772.00, 35414780.00, 35414852.00, 35414832.00, 35414924.00, 35414876.00, 35414768.00, 35414792.00, 35414808.00, 35414852.00, 35414756.00, 35414884.00, 35414820.00, 35414792.00]
230: [34114580.00, 34114520.00, 34114504.00, 34114488.00, 34114436.00, 34114528.00, 34114540.00, 34114552.00, 34114540.00, 34114616.00, 34114564.00, 34114564.00, 34114548.00, 34114492.00, 34114540.00, 34114520.00]
231: [32812946.00, 32812840.00, 32813008.00, 32812998.00, 32812854.00, 32812946.00, 32812944.00, 32812938.00, 32812934.00, 32812992.00, 32812900.00, 32812912.00, 32813020.00, 32812874.00, 32813024.00, 32812928.00]
232: [31510122.00, 31510146.00, 31510098.00, 31510080.00, 31510068.00, 31510060.00, 31510100.00, 31510156.00, 31510032.00, 31510134.00, 31510068.00, 31510108.00, 31510100.00, 31510128.00, 31510114.00, 31510132.00]
233: [30206122.00, 30206090.00, 30206104.00, 30206076.00, 30206154.00, 30206034.00, 30206126.00, 30206160.00, 30206104.00, 30206152.00, 30206032.00, 30206148.00, 30206122.00, 30206194.00, 30206142.00, 30206108.00]
234: [28900966.00, 28901048.00, 28901022.00, 28900992.00, 28901036.00, 28901076.00, 28900956.00, 28900974.00, 28900926.00, 28900982.00, 28901012.00, 28901026.00, 28901060.00, 28901054.00, 28901042.00, 28901026.00]
235: [27594800.00, 27594900.00, 27594828.00, 27594710.00, 27594842.00, 27594774.00, 27594730.00, 27594746.00, 27594710.00, 27594724.00, 27594766.00, 27594790.00, 27594824.00, 27594846.00, 27594722.00, 27594894.00]
236: [26287606.00, 26287530.00, 26287544.00, 26287442.00, 26287458.00, 26287472.00, 26287526.00, 26287528.00, 26287512.00, 26287498.00, 26287558.00, 26287428.00, 26287534.00, 26287598.00, 26287392.00, 26287522.00]
237: [24979272.00, 24979302.00, 24979256.00, 24979268.00, 24979288.00, 24979280.00, 24979166.00, 24979194.00, 24979266.00, 24979248.00, 24979214.00, 24979230.00, 24979276.00, 24979206.00, 24979240.00, 24979188.00]
238: [23670128.00, 23670076.00, 23670050.00, 23670054.00, 23670148.00, 23670068.00, 23670020.00, 23670092.00, 23670016.00, 23670060.00, 23670040.00, 23670106.00, 23670046.00, 23670026.00, 23670030.00, 23670110.00]
239: [22360042.00, 22359970.00, 22359920.00, 22359946.00, 22360010.00, 22359940.00, 22359962.00, 22359932.00, 22359996.00, 22359972.00, 22359894.00, 22359998.00, 22359966.00, 22360014.00, 22359944.00, 22359952.00]
240: [21049122.00, 21049012.00, 21049042.00, 21049048.00, 21048982.00, 21049050.00, 21049042.00, 21049032.00, 21049056.00, 21049006.00, 21049106.00, 21049064.00, 21049056.00, 21049042.00, 21049036.00, 21049062.00]
241: [19737314.00, 19737280.00, 19737288.00, 19737332.00, 19737284.00, 19737348.00, 19737330.00, 19737308.00, 19737266.00, 19737268.00, 19737272.00, 19737318.00, 19737202.00, 19737324.00, 19737368.00, 19737230.00]
242: [18424926.00, 18424816.00, 18424826.00, 18424814.00, 18424804.00, 18424816.00, 18424840.00, 18424922.00, 18424754.00, 18424796.00, 18424890.00, 18424804.00, 18424814.00, 18424830.00, 18424792.00, 18424836.00]
243: [17111628.00, 17111694.00, 17111684.00, 17111596.00, 17111660.00, 17111676.00, 17111622.00, 17111678.00, 17111608.00, 17111656.00, 17111674.00, 17111682.00, 17111730.00, 17111664.00, 17111704.00, 17111652.00]
244: [15797763.00, 15797882.00, 15797849.00, 15797800.00, 15797917.00, 15797868.00, 15797835.00, 15797897.00, 15797889.00, 15797934.00, 15797877.00, 15797884.00, 15797893.00, 15797816.00, 15797892.00, 15797882.00]
245: [14483509.00, 14483433.00, 14483506.00, 14483468.00, 14483590.00, 14483475.00, 14483479.00, 14483473.00, 14483507.00, 14483499.00, 14483549.00, 14483614.00, 14483403.00, 14483532.00, 14483499.00, 14483425.00]
246: [13168523.00, 13168477.00, 13168552.00, 13168656.00, 13168602.00, 13168437.00, 13168550.00, 13168430.00, 13168449.00, 13168533.00, 13168466.00, 13168487.00, 13168483.00, 13168522.00, 13168498.00, 13168558.00]
247: [11853153.00, 11853051.00, 11853138.00, 11853187.00, 11853075.00, 11853050.00, 11853128.00, 11853103.00, 11853101.00, 11853108.00, 11853146.00, 11853099.00, 11853096.00, 11853086.00, 11853080.00, 11853114.00]
248: [10537292.00, 10537217.00, 10537270.00, 10537234.00, 10537179.00, 10537225.00, 10537233.00, 10537133.00, 10537195.00, 10537254.00, 10537184.00, 10537228.00, 10537136.00, 10537154.00, 10537070.00, 10537219.00]
249: [9220928.00, 9220880.00, 9221074.00, 9220912.00, 9220919.00, 9220932.00, 9220981.00, 9220825.00, 9220952.00, 9220929.00, 9220874.00, 9220965.00, 9220905.00, 9220879.00, 9220915.00, 9221016.00]
250: [7904309.50, 7904376.00, 7904311.00, 7904232.50, 7904294.50, 7904259.50, 7904383.50, 7904227.50, 7904304.00, 7904326.00, 7904340.00, 7904305.50, 7904401.50, 7904150.50, 7904336.50, 7904345.00]
251: [6587398.50, 6587441.50, 6587426.00, 6587388.50, 6587349.50, 6587384.00, 6587423.50, 6587296.50, 6587440.50, 6587313.50, 6587348.00, 6587375.50, 6587400.00, 6587409.00, 6587441.00, 6587394.00]
252: [5270155.00, 5270228.50, 5270169.00, 5270160.50, 5270125.50, 5270156.00, 5270287.50, 5270176.50, 5270151.50, 5270161.00, 5270124.00, 5270082.00, 5270185.50, 5270205.00, 5270173.50, 5270134.50]
253: [3952843.75, 3952845.75, 3952824.25, 3952818.75, 3952815.50, 3952856.75, 3952908.50, 3952890.25, 3952783.75, 3952819.50, 3952887.75, 3952804.50, 3952775.00, 3952746.00, 3952767.00, 3952808.25]
254: [2635239.25, 2635274.25, 2635299.00, 2635279.75, 2635320.00, 2635374.25, 2635306.50, 2635359.00, 2635296.75, 2635334.50, 2635328.00, 2635313.25, 2635361.50, 2635238.25, 2635322.75, 2635305.75]
255: [1317659.12, 1317636.75, 1317643.00, 1317691.50, 1317668.87, 1317655.00, 1317702.87, 1317709.37, 1317629.12, 1317634.25, 1317685.62, 1317647.50, 1317622.50, 1317661.00, 1317606.00, 1317743.25]
256: [40.00, 24.00, 8.00, 40.00, 16.00, 24.00, 144.00, 32.00, 8.00, 0.00, 16.00, 48.00, 8.00, 104.00, 120.00, 104.00]