0: [21369.00, 20148.00, 21837.00, 38040.00, 29266.00, 76755.00, 509488.00, 36842.00, 22942.00, 26041.00, 20891.00, 19584.00, 19735.00, 18587.00, 19136.00, 20315.00]
1: [38.00, 320.18, 1524.40, 22.93, 8344.14, 52241.70, 580.13, 13757.81, 2716.51, 54.19, 894.93, 75.61, 35.67, 111.12, 40.59, 60.76]
2: [26.34, 259.56, 1042.38, 47.45, 5994.23, 40194.36, 1017.50, 7017.93, 2432.25, 60.89, 297.93, 90.53, 28.99, 28.86, 31.85, 16.36]
3: [22.28, 198.94, 330.09, 19.17, 2986.78, 23859.63, 781.76, 465.36, 2182.05, 44.94, 193.99, 71.36, 17.39, 9.58, 25.93, 50.63]
4: [42.93, 122.07, 149.54, 22.65, 227.48, 7384.43, 226.96, 3286.78, 1652.40, 12.40, 217.61, 44.17, 32.67, 39.07, 26.70, 15.81]
5: [23.53, 34.25, 432.04, 32.57, 1511.19, 5275.31, 174.33, 2993.33, 1122.45, 22.20, 8.17, 61.77, 36.37, 31.65, 24.44, 48.66]
6: [12.82, 19.54, 297.78, 25.00, 1957.32, 11698.75, 184.25, 362.18, 633.23, 21.77, 142.09, 86.22, 37.13, 25.70, 45.08, 16.10]
7: [41.70, 38.20, 102.91, 13.65, 1350.72, 11719.35, 309.98, 1816.96, 186.28, 30.22, 76.16, 61.31, 41.55, 10.07, 13.31, 56.12]
8: [18.66, 73.02, 192.94, 28.89, 255.37, 7079.22, 234.16, 1906.16, 273.73, 16.88, 75.92, 42.95, 13.13, 58.53, 12.91, 30.82]
9: [38.54, 41.79, 239.74, 20.90, 714.39, 585.28, 242.90, 395.54, 484.41, 16.96, 92.61, 59.13, 38.86, 16.37, 15.42, 58.96]
10: [14.63, 17.11, 159.22, 42.51, 1150.02, 4932.73, 244.72, 1150.62, 630.54, 29.38, 5.91, 55.88, 38.53, 21.52, 10.12, 29.53]
11: [48.13, 7.55, 65.72, 5.29, 878.35, 7298.89, 261.31, 1376.01, 601.08, 41.67, 88.18, 50.36, 10.09, 26.80, 18.02, 57.25]
12: [45.36, 31.41, 163.29, 9.38, 262.84, 6240.87, 342.91, 369.72, 546.68, 24.61, 51.91, 40.09, 33.83, 15.35, 30.12, 11.83]
13: [4.25, 82.87, 184.91, 19.26, 429.93, 2679.66, 392.23, 843.18, 303.78, 29.69, 43.74, 50.93, 22.74, 7.57, 36.12, 43.36]
14: [32.60, 55.81, 72.40, 27.09, 786.50, 1542.96, 441.09, 1165.44, 135.21, 49.50, 58.68, 24.90, 18.01, 34.89, 36.67, 42.36]
15: [22.43, 36.38, 94.26, 12.97, 697.90, 4574.41, 697.40, 394.67, 81.00, 18.65, 17.16, 45.00, 31.67, 17.03, 30.78, 44.12]
16: [58.22, 50.53, 194.44, 13.70, 253.23, 5302.06, 1270.25, 610.10, 272.09, 23.36, 34.84, 17.74, 26.84, 32.51, 34.01, 56.33]
17: [35.85, 37.48, 107.33, 43.21, 238.32, 3757.36, 3508.19, 956.31, 372.75, 42.26, 22.83, 17.08, 14.17, 6.75, 1.52, 29.17]
18: [19.64, 11.18, 40.53, 79.07, 526.89, 1084.23, 5758.92, 401.20, 364.06, 47.20, 20.52, 15.46, 35.01, 19.21, 22.40, 73.23]
19: [96.98, 40.39, 116.54, 40.26, 476.96, 2267.11, 1863.27, 468.59, 353.74, 61.58, 14.02, 24.24, 17.22, 3.62, 15.48, 50.82]
20: [101.25, 16.33, 131.72, 24.31, 206.53, 3757.50, 1076.63, 840.49, 242.36, 92.38, 26.51, 46.90, 24.66, 15.04, 11.81, 96.31]
21: [75.01, 51.61, 39.91, 20.30, 189.96, 3415.18, 1084.41, 412.13, 122.44, 92.43, 76.14, 38.23, 11.39, 46.30, 41.37, 46.48]
22: [21.59, 7.61, 37.30, 94.75, 474.20, 1686.95, 1113.79, 468.14, 40.53, 85.13, 14.79, 54.08, 25.46, 86.29, 28.69, 122.24]
23: [125.62, 20.49, 120.20, 33.24, 460.33, 675.12, 443.26, 836.33, 199.40, 136.15, 51.20, 42.89, 18.64, 51.77, 51.25, 117.71]
24: [75.57, 58.00, 63.75, 50.96, 246.49, 2504.25, 478.00, 607.82, 284.82, 219.04, 102.78, 44.63, 249.21, 137.68, 12.53, 145.25]
25: [52.68, 24.02, 69.49, 49.74, 93.38, 3051.59, 293.11, 249.10, 350.75, 342.36, 139.65, 34.12, 164.48, 110.59, 42.99, 205.04]
26: [54.12, 13.21, 117.99, 64.21, 352.62, 2123.97, 464.44, 608.08, 338.16, 102.85, 176.60, 51.29, 90.35, 53.88, 14.96, 89.32]
27: [90.63, 27.05, 104.88, 149.20, 398.47, 338.43, 220.31, 473.01, 303.59, 50.99, 46.16, 44.75, 132.75, 40.87, 43.62, 79.98]
28: [105.36, 24.20, 89.86, 121.09, 282.85, 1659.10, 234.32, 155.66, 180.60, 28.37, 58.37, 42.03, 67.74, 55.58, 39.10, 85.20]
29: [45.60, 42.14, 90.47, 269.66, 229.12, 2693.22, 193.28, 501.07, 83.79, 47.61, 124.57, 42.44, 47.30, 16.42, 10.50, 18.37]
30: [38.02, 82.22, 67.06, 475.78, 343.13, 2471.53, 195.97, 443.41, 48.47, 64.99, 70.62, 30.88, 67.44, 98.50, 84.14, 26.24]
31: [220.78, 89.71, 46.44, 144.02, 353.76, 1164.31, 145.60, 98.59, 89.37, 72.89, 156.34, 79.95, 46.09, 102.43, 305.43, 55.26]
32: [158.47, 112.30, 118.46, 94.56, 177.62, 655.73, 102.63, 583.70, 44.26, 24.47, 177.33, 355.72, 48.89, 80.87, 121.99, 63.43]
33: [62.53, 115.73, 157.38, 56.23, 103.03, 2073.28, 203.46, 286.84, 462.50, 40.16, 43.02, 53.59, 44.75, 23.18, 26.23, 27.75]
34: [122.18, 66.29, 164.66, 59.96, 176.91, 2476.66, 192.38, 72.54, 120.54, 62.93, 76.06, 24.84, 37.98, 21.55, 87.04, 69.62]
35: [25.85, 63.54, 137.24, 40.25, 158.51, 1606.13, 286.14, 364.11, 57.76, 7.77, 23.84, 42.99, 30.88, 26.83, 23.35, 34.33]
36: [24.05, 84.46, 47.46, 65.85, 449.40, 607.47, 305.45, 383.72, 70.57, 19.15, 36.87, 11.43, 42.56, 45.51, 31.94, 49.89]
37: [16.06, 128.55, 112.76, 78.27, 45.27, 1108.93, 216.56, 62.98, 110.69, 43.10, 33.06, 30.67, 26.51, 20.77, 34.94, 26.79]
38: [43.18, 229.21, 272.68, 26.47, 180.18, 2050.03, 324.61, 373.26, 179.92, 77.98, 16.19, 12.68, 16.71, 9.79, 16.73, 41.37]
39: [47.36, 60.19, 146.63, 32.44, 290.47, 2024.53, 329.78, 416.83, 176.92, 104.56, 51.18, 39.92, 33.70, 21.15, 35.46, 30.98]
40: [13.12, 25.26, 146.58, 35.13, 243.37, 1079.23, 349.25, 134.09, 163.56, 73.31, 16.46, 42.23, 28.56, 12.92, 17.49, 44.63]
41: [16.11, 9.91, 46.74, 20.65, 70.10, 381.12, 204.42, 297.44, 131.88, 53.48, 17.99, 20.90, 35.77, 19.36, 24.95, 25.56]
42: [6.79, 26.62, 24.94, 59.96, 144.83, 1581.51, 149.65, 391.82, 71.99, 38.74, 39.64, 8.08, 11.86, 39.56, 16.87, 38.00]
43: [79.51, 46.02, 71.74, 19.91, 223.52, 2004.97, 198.79, 140.54, 30.13, 30.24, 17.57, 42.20, 25.69, 22.19, 16.29, 35.81]
44: [18.27, 39.78, 52.64, 12.14, 206.37, 1534.50, 150.19, 239.98, 92.64, 32.51, 36.25, 32.33, 16.97, 18.59, 17.50, 22.37]
45: [40.06, 37.89, 41.31, 29.40, 87.13, 364.98, 127.96, 375.34, 139.22, 45.46, 23.11, 20.70, 25.02, 36.80, 9.62, 52.99]
46: [69.94, 22.30, 68.42, 7.33, 113.95, 874.50, 153.14, 166.87, 147.76, 88.30, 38.39, 14.69, 32.10, 6.99, 23.50, 19.59]
47: [57.80, 9.68, 64.27, 21.61, 215.14, 1671.80, 364.20, 211.19, 146.86, 68.53, 25.87, 19.36, 18.20, 16.90, 9.57, 26.36]
48: [10.91, 5.87, 33.19, 31.20, 228.66, 1662.36, 246.97, 421.98, 111.69, 77.67, 12.49, 7.57, 24.20, 32.56, 17.54, 11.69]
49: [25.38, 17.90, 59.08, 14.71, 98.96, 873.51, 249.90, 262.13, 46.63, 125.30, 29.56, 26.10, 49.64, 14.04, 33.31, 64.61]
50: [120.24, 6.96, 28.52, 24.71, 119.20, 320.46, 325.86, 125.97, 43.16, 20.51, 28.90, 13.71, 25.62, 9.57, 9.77, 36.55]
51: [70.52, 23.85, 46.81, 36.15, 231.47, 1350.91, 309.03, 300.45, 63.91, 58.98, 34.54, 11.73, 42.57, 9.81, 19.80, 41.01]
52: [31.15, 19.69, 23.89, 42.79, 226.35, 1691.17, 443.14, 202.66, 92.71, 42.54, 21.15, 20.84, 16.34, 27.75, 4.55, 27.90]
53: [90.29, 37.01, 28.49, 57.50, 105.99, 1286.14, 271.26, 143.13, 107.92, 32.81, 30.99, 22.88, 1.22, 13.72, 8.64, 46.49]
54: [73.72, 6.43, 65.41, 15.83, 57.68, 303.85, 363.58, 321.57, 129.68, 45.91, 34.77, 16.75, 26.20, 10.22, 20.44, 26.78]
55: [61.75, 31.91, 46.57, 27.24, 179.51, 833.42, 390.49, 198.38, 91.49, 48.81, 44.70, 33.39, 19.34, 5.36, 17.20, 25.02]
56: [18.67, 34.47, 18.06, 19.09, 211.71, 1559.45, 358.21, 101.82, 73.27, 54.30, 43.02, 39.08, 12.56, 22.51, 27.02, 34.69]
57: [52.50, 32.59, 20.60, 46.32, 137.16, 1528.17, 354.25, 322.35, 36.91, 22.78, 25.31, 15.25, 26.26, 10.84, 26.18, 35.66]
58: [81.82, 25.49, 43.35, 21.38, 24.53, 811.16, 217.97, 286.29, 81.76, 48.20, 24.11, 16.86, 8.64, 21.88, 38.19, 53.37]
59: [77.33, 12.53, 31.54, 79.29, 151.67, 279.72, 249.26, 41.73, 133.21, 89.23, 38.43, 3.10, 18.75, 38.95, 20.46, 66.94]
60: [27.88, 20.57, 19.87, 29.40, 186.57, 1247.97, 277.27, 252.38, 123.29, 38.63, 50.45, 17.31, 30.54, 4.44, 29.06, 32.71]
61: [30.50, 18.51, 51.03, 43.11, 160.34, 1579.76, 195.45, 248.49, 160.09, 37.03, 22.20, 34.94, 24.15, 17.99, 20.59, 31.78]
62: [56.53, 37.44, 51.70, 78.20, 53.68, 1224.05, 313.20, 86.74, 132.11, 33.79, 59.91, 11.22, 14.36, 19.55, 41.30, 56.32]
63: [108.50, 10.86, 51.77, 50.41, 95.70, 311.54, 286.97, 312.84, 79.55, 93.27, 25.97, 21.37, 39.01, 42.58, 50.60, 23.48]
64: [59.97, 20.10, 33.89, 76.29, 164.24, 749.74, 297.45, 288.89, 40.58, 53.82, 27.04, 53.32, 15.41, 9.76, 10.81, 53.69]
65: [84.41, 23.22, 6.78, 33.18, 139.71, 1430.60, 332.50, 54.83, 59.31, 62.76, 8.34, 15.41, 40.30, 29.35, 14.20, 61.76]
66: [105.82, 21.77, 14.66, 34.03, 11.04, 1443.38, 293.55, 181.52, 118.55, 52.04, 6.33, 20.27, 21.34, 10.78, 9.71, 79.92]
67: [1.92, 15.76, 43.67, 33.78, 124.91, 714.40, 366.05, 310.58, 117.89, 80.23, 29.74, 8.84, 17.00, 11.49, 9.77, 46.18]
68: [18.56, 17.10, 15.26, 12.74, 183.53, 359.66, 572.69, 156.52, 99.59, 106.06, 15.73, 24.02, 34.47, 8.36, 14.21, 84.26]
69: [84.27, 26.95, 31.97, 27.63, 130.26, 1261.00, 568.62, 135.62, 86.80, 102.68, 31.70, 18.57, 28.78, 12.34, 49.78, 45.06]
70: [98.54, 10.62, 25.38, 28.35, 50.03, 1596.84, 549.46, 223.59, 43.12, 88.40, 15.22, 27.23, 15.75, 19.72, 28.85, 56.75]
71: [30.14, 10.48, 31.74, 18.22, 103.11, 1137.99, 583.17, 144.26, 36.60, 55.06, 14.53, 16.29, 5.47, 10.39, 35.33, 53.41]
72: [27.68, 34.18, 32.76, 36.86, 191.52, 223.58, 610.36, 179.75, 73.94, 22.08, 22.51, 25.56, 18.37, 11.96, 18.90, 52.00]
73: [79.34, 17.16, 11.96, 25.21, 151.14, 869.43, 603.82, 268.65, 95.77, 59.92, 30.18, 28.56, 31.69, 6.02, 9.84, 12.45]
74: [48.21, 7.14, 25.50, 28.75, 33.01, 1558.66, 620.45, 151.38, 127.31, 21.99, 34.27, 11.93, 11.07, 3.93, 10.08, 54.13]
75: [79.39, 29.32, 52.35, 29.91, 105.59, 1519.49, 390.92, 137.34, 119.71, 48.45, 22.93, 10.86, 31.82, 2.76, 7.72, 36.05]
76: [25.59, 32.55, 6.33, 20.91, 181.35, 765.64, 932.92, 263.19, 110.09, 80.66, 19.00, 22.58, 8.37, 10.44, 11.20, 43.68]
77: [124.11, 24.28, 17.90, 58.47, 157.61, 398.59, 721.40, 171.52, 39.12, 88.61, 35.57, 39.11, 20.26, 22.54, 16.33, 55.65]
78: [143.00, 18.10, 43.20, 32.28, 48.06, 1378.63, 794.61, 97.83, 30.59, 112.55, 22.34, 13.65, 23.30, 7.27, 4.85, 83.48]
79: [64.29, 13.43, 5.72, 15.89, 60.84, 1667.40, 926.80, 221.25, 64.44, 70.46, 28.58, 15.81, 8.10, 9.84, 15.98, 52.25]
80: [49.13, 74.38, 133.32, 29.99, 169.26, 1221.51, 1332.34, 185.31, 101.95, 23.03, 8.84, 33.83, 5.39, 20.90, 20.83, 49.48]
81: [137.79, 139.34, 32.68, 80.76, 201.42, 338.57, 3973.91, 93.38, 122.61, 41.60, 18.69, 15.10, 40.31, 14.48, 16.35, 47.83]
82: [138.28, 25.80, 34.79, 11.38, 71.43, 1270.03, 721.98, 219.10, 131.57, 23.82, 19.09, 9.14, 22.23, 26.17, 21.01, 43.77]
83: [71.77, 38.67, 46.85, 67.12, 105.52, 2004.72, 284.08, 212.80, 104.78, 39.45, 3.98, 25.85, 30.17, 24.96, 24.88, 57.07]
84: [118.96, 46.49, 3.73, 25.29, 299.72, 2070.25, 491.29, 89.74, 73.77, 74.50, 40.32, 5.20, 5.19, 6.75, 19.14, 51.14]
85: [160.89, 23.16, 57.89, 34.87, 232.11, 954.90, 777.30, 219.88, 28.59, 99.43, 15.85, 37.23, 42.50, 29.38, 10.57, 77.76]
86: [113.82, 29.13, 55.94, 72.21, 90.15, 609.54, 849.59, 245.10, 14.34, 87.83, 37.63, 18.76, 21.22, 10.25, 38.44, 71.06]
87: [57.10, 43.77, 92.07, 67.21, 109.70, 1964.07, 1062.98, 116.66, 254.31, 67.32, 56.21, 30.57, 10.23, 49.94, 29.91, 68.68]
88: [141.82, 54.64, 83.69, 78.74, 239.63, 2477.63, 1260.86, 330.74, 85.06, 103.35, 83.02, 214.31, 9.15, 47.09, 20.94, 41.09]
89: [247.10, 50.12, 90.95, 103.96, 244.84, 1763.37, 1323.35, 249.95, 89.58, 64.48, 127.18, 57.98, 9.24, 70.84, 217.82, 64.19]
90: [74.52, 46.95, 50.90, 75.31, 85.54, 67.61, 1501.42, 208.60, 98.35, 63.25, 3.61, 28.48, 23.03, 70.51, 17.60, 34.20]
91: [47.98, 37.68, 43.46, 321.67, 199.56, 2023.73, 1713.94, 354.01, 37.55, 55.63, 94.38, 10.97, 32.04, 33.64, 37.59, 61.50]
92: [38.58, 14.64, 1.04, 44.59, 433.49, 3511.04, 1848.70, 320.01, 65.69, 61.02, 19.66, 36.36, 33.80, 56.83, 22.63, 53.09]
93: [93.48, 15.51, 30.75, 73.47, 561.93, 3527.21, 2091.69, 309.11, 170.03, 95.54, 42.58, 26.68, 24.94, 40.94, 14.64, 34.21]
94: [72.11, 48.49, 60.30, 123.84, 385.11, 1659.54, 2492.10, 659.09, 265.02, 143.41, 65.82, 28.46, 48.52, 18.26, 20.84, 60.73]
95: [53.09, 24.79, 51.78, 128.70, 50.45, 1869.37, 3323.45, 557.16, 341.17, 142.17, 103.23, 13.25, 106.91, 48.90, 12.86, 66.09]
96: [71.65, 20.82, 31.90, 149.24, 620.86, 6297.16, 4475.53, 389.12, 421.55, 124.34, 117.12, 16.95, 67.77, 27.29, 23.31, 75.28]
97: [105.61, 3.54, 102.07, 224.21, 1171.94, 10367.55, 6658.43, 1603.87, 462.78, 174.72, 103.09, 20.38, 122.80, 98.41, 20.55, 189.38]
98: [78.14, 27.24, 136.07, 328.76, 1514.12, 13019.15, 14951.19, 2707.84, 438.20, 125.20, 55.08, 8.95, 119.62, 83.43, 2.52, 132.48]
99: [145.92, 5.68, 180.40, 2163.43, 1558.19, 13520.04, 115890.79, 3108.89, 418.23, 625.08, 96.74, 28.51, 67.28, 34.65, 5.02, 76.69]
100: [112.02, 46.65, 96.87, 187.84, 1327.09, 11789.59, 12780.89, 2485.43, 362.37, 41.67, 50.70, 9.85, 47.95, 19.66, 13.90, 52.23]
101: [59.00, 12.50, 101.42, 113.08, 835.45, 8418.35, 6813.64, 1274.92, 290.00, 34.91, 23.30, 13.19, 12.51, 22.30, 20.28, 96.93]
102: [53.56, 32.55, 46.69, 49.98, 326.16, 4389.00, 4460.64, 249.90, 218.89, 53.51, 24.08, 11.85, 29.51, 16.75, 11.93, 39.02]
103: [84.44, 29.70, 17.72, 10.61, 85.77, 768.68, 3534.30, 623.90, 135.14, 70.68, 22.91, 18.99, 20.37, 25.07, 39.43, 33.59]
104: [96.97, 36.59, 21.07, 28.59, 276.64, 1592.75, 2800.93, 585.59, 96.57, 61.74, 34.85, 15.61, 20.18, 16.15, 15.43, 45.08]
105: [128.42, 43.31, 25.32, 52.96, 245.17, 2501.80, 2335.83, 199.34, 69.20, 81.35, 33.17, 14.11, 18.31, 17.97, 20.46, 43.44]
106: [106.91, 55.69, 48.92, 39.32, 104.30, 2065.67, 2000.16, 356.24, 47.68, 75.76, 48.89, 21.66, 11.63, 39.75, 46.26, 93.24]
107: [58.56, 82.62, 93.20, 68.31, 125.81, 1057.24, 1881.63, 502.71, 46.89, 211.28, 32.79, 67.60, 70.42, 70.60, 45.99, 120.32]
108: [138.73, 14.23, 7.37, 86.11, 156.00, 174.12, 1735.42, 319.57, 26.24, 175.05, 15.31, 33.85, 24.80, 22.09, 24.53, 96.78]
109: [247.27, 24.85, 71.91, 76.83, 134.69, 906.59, 1655.27, 285.99, 56.84, 107.50, 11.65, 16.70, 42.95, 15.58, 32.58, 69.78]
110: [107.07, 38.39, 58.80, 48.09, 43.15, 997.54, 1669.48, 359.27, 67.89, 60.85, 19.25, 34.26, 42.02, 38.73, 32.29, 61.14]
111: [68.26, 25.96, 55.07, 110.16, 89.24, 578.12, 1615.41, 283.84, 94.76, 68.18, 41.81, 10.70, 24.40, 8.58, 7.17, 42.94]
112: [211.86, 25.62, 88.82, 79.13, 140.93, 43.49, 1576.17, 243.50, 48.87, 67.59, 35.45, 18.04, 53.26, 20.05, 26.24, 46.34]
113: [231.71, 12.50, 66.40, 155.24, 63.93, 439.40, 1682.66, 334.49, 53.96, 26.90, 21.76, 20.55, 59.27, 59.95, 38.99, 36.55]
114: [123.46, 20.30, 80.45, 151.66, 139.23, 550.23, 1787.57, 332.10, 44.14, 144.62, 57.43, 51.57, 44.70, 30.53, 72.82, 98.88]
115: [162.28, 28.12, 124.54, 185.74, 228.55, 522.39, 2046.43, 276.19, 51.47, 276.90, 76.54, 17.60, 70.65, 34.92, 64.29, 55.10]
116: [269.15, 44.52, 155.32, 221.27, 234.54, 504.12, 4154.17, 436.32, 143.83, 362.21, 48.97, 17.44, 83.76, 30.91, 62.49, 158.19]
117: [229.79, 65.28, 115.61, 237.19, 165.62, 513.39, 2338.51, 588.87, 105.84, 367.46, 110.43, 30.67, 73.58, 64.27, 59.04, 124.07]
118: [192.81, 759.66, 879.13, 315.42, 454.52, 336.86, 901.49, 429.23, 113.11, 177.56, 122.68, 9.59, 90.09, 74.23, 163.16, 239.03]
119: [287.89, 1607.16, 1627.82, 675.49, 1453.04, 1350.81, 769.35, 873.61, 233.66, 162.50, 354.42, 76.27, 138.51, 268.25, 229.00, 188.83]
120: [1839.95, 667.83, 920.30, 1797.92, 1298.04, 1169.51, 602.17, 1471.90, 2137.76, 537.09, 737.70, 1840.45, 119.37, 737.20, 1650.41, 330.50]
121: [520.12, 375.77, 631.48, 2678.26, 1301.45, 1342.61, 815.67, 1467.91, 624.64, 1013.72, 1521.97, 92.21, 196.71, 1144.67, 385.66, 350.40]
122: [248.62, 180.68, 269.89, 811.25, 947.41, 1388.51, 4775.84, 1462.49, 414.08, 2105.06, 994.34, 13.65, 1798.07, 741.17, 223.72, 1738.43]
123: [194.43, 120.31, 47.95, 572.71, 615.69, 1014.16, 2451.74, 1090.42, 369.74, 489.23, 417.38, 46.31, 113.00, 299.79, 90.61, 514.41]
124: [198.96, 54.15, 63.63, 332.73, 263.43, 402.22, 1443.26, 556.91, 224.67, 632.91, 40.61, 8.13, 85.27, 90.06, 104.35, 55.57]
125: [52.55, 25.35, 114.06, 257.01, 167.39, 392.65, 769.13, 142.03, 156.19, 362.86, 148.32, 37.12, 100.54, 98.82, 96.32, 269.93]
126: [71.89, 39.13, 33.83, 201.56, 275.63, 922.55, 785.20, 122.35, 81.79, 226.43, 80.51, 38.58, 66.99, 58.76, 103.76, 103.63]
127: [132.57, 24.71, 53.60, 191.03, 272.42, 1079.89, 610.75, 140.39, 16.49, 6.92, 44.52, 44.70, 43.28, 24.24, 44.21, 121.75]
128: [85.09, 13.93, 117.02, 170.58, 163.77, 880.65, 609.14, 82.30, 17.72, 101.32, 65.46, 28.28, 33.84, 39.66, 41.18, 90.80]
129: [38.12, 11.48, 10.56, 165.24, 92.22, 473.08, 521.40, 74.21, 50.41, 135.01, 12.80, 13.95, 41.54, 12.90, 40.00, 75.38]
130: [54.82, 9.02, 56.04, 105.42, 154.14, 250.11, 551.91, 88.36, 39.14, 110.35, 39.58, 14.22, 45.75, 25.94, 52.66, 95.59]
131: [57.44, 24.97, 94.11, 140.69, 121.43, 484.32, 537.83, 94.28, 64.32, 52.09, 30.07, 26.20, 16.00, 45.87, 59.01, 18.72]
132: [55.22, 47.68, 63.54, 103.35, 66.94, 494.14, 506.78, 82.65, 64.40, 51.19, 21.08, 23.31, 18.06, 27.76, 34.30, 88.86]
133: [52.66, 53.79, 60.19, 87.60, 45.73, 307.40, 417.91, 32.20, 30.64, 99.62, 35.87, 16.44, 24.45, 43.07, 33.93, 49.62]
134: [66.86, 26.00, 45.18, 156.69, 74.31, 83.64, 623.09, 36.35, 37.46, 85.85, 9.97, 20.75, 3.77, 6.59, 28.82, 57.63]
135: [29.89, 36.58, 25.73, 80.83, 86.59, 378.66, 610.53, 48.48, 58.68, 42.81, 19.14, 27.40, 33.64, 15.19, 48.54, 25.55]
136: [23.10, 42.72, 63.34, 75.68, 70.60, 451.25, 464.96, 45.52, 28.85, 54.23, 15.21, 20.46, 17.97, 33.09, 31.62, 2.48]
137: [40.73, 48.10, 54.31, 72.97, 54.12, 398.99, 517.56, 44.52, 36.56, 75.50, 22.25, 26.51, 21.17, 25.18, 48.52, 42.81]
138: [34.50, 42.52, 29.25, 76.13, 64.41, 235.16, 440.26, 34.22, 29.02, 66.10, 15.72, 5.85, 38.37, 26.49, 12.82, 31.37]
139: [76.30, 37.46, 57.45, 84.19, 48.11, 230.55, 362.50, 35.78, 48.34, 19.93, 4.05, 6.93, 23.04, 19.13, 39.39, 72.14]
140: [60.76, 34.76, 72.10, 55.11, 28.92, 292.79, 391.36, 34.46, 40.51, 30.85, 13.62, 25.79, 11.60, 16.96, 10.27, 54.88]
141: [13.35, 16.36, 64.84, 65.15, 58.63, 250.31, 401.06, 47.38, 49.93, 33.40, 4.99, 14.63, 42.93, 9.84, 28.72, 67.14]
142: [38.03, 13.31, 36.09, 56.93, 52.02, 130.58, 556.18, 49.46, 36.16, 28.15, 37.83, 12.81, 37.19, 50.25, 25.92, 151.72]
143: [84.71, 33.93, 69.15, 33.07, 67.98, 132.18, 260.41, 72.19, 17.09, 75.84, 59.63, 21.04, 49.03, 41.00, 49.21, 102.82]
144: [76.88, 24.15, 10.49, 66.35, 109.61, 338.48, 329.69, 172.51, 45.15, 84.09, 51.36, 9.08, 52.90, 56.63, 39.33, 164.54]
145: [113.24, 7.92, 65.39, 20.28, 80.65, 405.48, 2354.32, 326.85, 61.90, 213.68, 77.92, 29.51, 50.95, 115.11, 49.84, 238.96]
146: [26.61, 21.56, 74.81, 30.56, 38.78, 460.93, 135.61, 472.80, 101.79, 424.03, 204.62, 40.48, 431.43, 211.29, 45.89, 348.26]
147: [83.02, 7.57, 21.71, 2.09, 102.01, 508.94, 614.64, 470.03, 146.49, 538.90, 303.12, 31.94, 185.86, 169.20, 53.99, 200.67]
148: [180.27, 24.21, 41.86, 211.82, 257.79, 455.95, 675.72, 287.86, 165.76, 220.34, 171.51, 23.34, 105.03, 107.34, 69.87, 143.47]
149: [85.70, 78.01, 35.52, 182.38, 342.40, 352.82, 763.10, 17.79, 197.52, 85.86, 15.22, 36.54, 145.28, 72.78, 39.39, 101.95]
150: [85.92, 115.69, 98.29, 912.77, 390.81, 184.97, 640.35, 276.48, 169.05, 222.50, 122.59, 28.04, 62.48, 95.43, 166.04, 84.17]
151: [336.85, 134.16, 167.43, 302.46, 355.55, 254.79, 685.53, 209.34, 221.48, 172.37, 242.96, 61.55, 32.07, 233.80, 374.37, 82.73]
152: [356.26, 190.25, 254.48, 203.88, 206.50, 398.77, 614.95, 182.69, 391.04, 156.65, 252.28, 539.52, 52.38, 161.96, 285.40, 24.48]
153: [63.60, 216.09, 222.26, 99.00, 60.18, 534.55, 664.78, 298.88, 370.37, 115.25, 108.05, 45.03, 31.06, 86.39, 63.74, 88.41]
154: [185.60, 123.91, 211.35, 69.95, 297.74, 480.03, 668.24, 154.15, 78.18, 88.49, 114.33, 22.48, 19.15, 27.94, 104.51, 49.72]
155: [77.68, 25.42, 82.28, 68.54, 275.21, 519.21, 547.33, 121.88, 46.62, 107.52, 33.28, 47.08, 44.28, 20.58, 12.99, 59.21]
156: [104.83, 377.39, 180.66, 75.25, 120.79, 155.76, 548.71, 47.21, 76.24, 62.82, 45.44, 22.14, 32.85, 52.96, 34.59, 69.90]
157: [52.03, 239.19, 391.60, 67.66, 38.82, 254.67, 518.38, 139.19, 41.26, 54.57, 42.43, 24.09, 18.09, 33.02, 27.20, 35.72]
158: [94.74, 35.71, 88.09, 128.71, 69.07, 313.50, 395.26, 160.83, 63.13, 30.53, 21.72, 17.34, 26.89, 32.57, 38.07, 54.60]
159: [156.97, 13.55, 137.86, 55.90, 25.86, 247.55, 407.74, 93.55, 55.22, 50.90, 22.96, 27.08, 20.66, 22.51, 40.56, 41.97]
160: [112.05, 23.14, 70.97, 54.19, 41.11, 181.26, 293.38, 121.56, 21.48, 64.86, 11.45, 24.85, 6.60, 9.99, 22.42, 52.84]
161: [22.42, 7.87, 40.81, 47.23, 37.77, 296.26, 287.62, 117.78, 45.29, 87.55, 24.21, 15.79, 19.24, 4.21, 23.15, 26.41]
162: [86.07, 38.08, 73.04, 47.65, 56.60, 363.65, 455.52, 71.59, 16.15, 83.59, 10.86, 16.42, 14.99, 20.67, 15.05, 54.32]
163: [85.56, 25.20, 51.62, 85.05, 54.80, 297.10, 472.38, 87.74, 26.61, 72.95, 10.77, 18.90, 9.64, 11.07, 17.49, 37.96]
164: [70.90, 56.64, 29.26, 84.05, 23.83, 172.14, 492.25, 122.41, 35.58, 80.80, 58.97, 35.14, 4.36, 13.13, 19.50, 53.41]
165: [11.65, 27.10, 56.37, 21.86, 25.93, 170.61, 392.96, 103.72, 44.63, 68.36, 12.95, 21.47, 18.82, 13.64, 9.67, 21.54]
166: [90.00, 25.08, 56.48, 76.58, 7.87, 206.62, 562.18, 135.20, 34.03, 61.89, 29.32, 13.99, 25.21, 13.56, 22.12, 59.15]
167: [48.22, 14.06, 16.07, 39.64, 18.75, 166.79, 705.13, 178.85, 44.00, 20.57, 27.00, 14.83, 13.62, 7.62, 7.78, 34.88]
168: [34.95, 13.45, 59.28, 62.00, 33.07, 132.58, 735.06, 118.37, 3.93, 56.28, 10.44, 28.39, 15.95, 19.73, 15.54, 52.43]
169: [71.41, 20.28, 30.44, 59.96, 29.99, 202.70, 600.72, 105.16, 25.33, 89.55, 20.20, 28.99, 10.44, 19.74, 24.42, 56.85]
170: [23.68, 9.21, 5.45, 63.56, 22.25, 273.26, 505.90, 68.99, 37.32, 52.86, 15.32, 18.71, 35.72, 18.31, 6.35, 50.74]
171: [22.23, 7.56, 33.51, 46.96, 61.82, 240.00, 671.19, 26.46, 34.33, 123.68, 15.19, 5.96, 75.18, 39.17, 8.54, 42.22]
172: [65.24, 14.88, 37.28, 83.64, 86.62, 147.00, 582.12, 95.11, 46.25, 25.52, 57.46, 11.35, 30.07, 25.16, 26.92, 65.32]
173: [33.46, 10.75, 19.96, 8.39, 67.75, 201.27, 590.16, 127.66, 67.80, 77.78, 50.95, 12.22, 52.83, 40.06, 19.61, 3.09]
174: [34.42, 26.44, 36.64, 75.55, 46.44, 315.60, 438.24, 104.84, 46.18, 62.81, 57.32, 30.36, 21.65, 6.63, 23.80, 34.87]
175: [58.63, 32.68, 21.12, 62.21, 28.10, 311.84, 669.52, 88.80, 67.48, 65.26, 48.50, 28.16, 14.67, 23.39, 11.14, 20.97]
176: [49.96, 25.02, 31.25, 55.54, 63.76, 203.28, 629.91, 167.96, 66.50, 20.26, 13.48, 49.71, 28.92, 23.47, 39.56, 14.17]
177: [27.15, 14.39, 55.10, 79.88, 81.31, 189.60, 604.85, 130.03, 34.48, 27.45, 42.06, 22.06, 6.97, 32.52, 8.69, 14.83]
178: [87.37, 2.65, 58.60, 58.65, 100.52, 291.73, 630.33, 79.76, 22.87, 46.02, 20.99, 46.35, 27.07, 21.53, 49.71, 16.27]
179: [50.80, 32.03, 23.00, 57.39, 35.72, 333.62, 535.18, 103.98, 18.49, 26.37, 15.15, 12.18, 10.29, 34.66, 25.49, 8.60]
180: [24.50, 34.03, 35.21, 145.97, 26.58, 231.49, 1079.03, 122.09, 42.10, 49.91, 24.34, 21.16, 9.78, 50.02, 19.51, 45.86]
181: [65.60, 24.10, 41.96, 9.10, 42.35, 149.44, 608.29, 66.07, 17.28, 111.83, 36.27, 13.67, 16.54, 37.99, 24.70, 29.24]
182: [49.85, 5.62, 62.46, 63.61, 70.41, 372.43, 584.60, 80.00, 19.34, 59.81, 47.51, 37.56, 19.71, 20.80, 34.07, 34.17]
183: [110.96, 26.96, 33.79, 9.52, 68.63, 466.04, 849.10, 155.57, 34.07, 15.83, 23.93, 28.77, 27.58, 13.06, 84.23, 48.70]
184: [71.06, 5.56, 32.31, 31.79, 57.36, 324.33, 787.26, 117.16, 28.99, 29.37, 18.96, 93.67, 20.66, 40.60, 23.74, 12.45]
185: [48.41, 42.93, 43.83, 108.00, 11.64, 53.23, 1026.60, 17.63, 63.15, 16.82, 17.91, 5.60, 27.51, 13.82, 25.53, 18.44]
186: [56.74, 9.83, 56.62, 49.11, 39.31, 411.81, 1020.46, 126.94, 4.70, 42.97, 23.00, 19.54, 29.98, 20.20, 10.51, 35.48]
187: [42.91, 6.64, 35.98, 11.56, 46.61, 661.07, 1130.95, 88.41, 23.22, 50.29, 16.39, 9.19, 26.73, 19.99, 28.06, 34.19]
188: [45.33, 12.51, 28.13, 65.45, 4.06, 600.03, 1267.22, 18.06, 63.54, 15.88, 4.73, 14.23, 5.61, 6.58, 6.89, 29.30]
189: [64.84, 5.15, 36.86, 22.31, 0.45, 199.20, 1373.16, 117.47, 60.69, 43.89, 5.71, 10.92, 16.43, 15.70, 39.22, 18.13]
190: [54.84, 11.35, 46.24, 47.91, 31.56, 546.09, 1585.28, 135.41, 25.12, 67.19, 10.85, 22.63, 17.02, 5.41, 6.55, 18.46]
191: [66.99, 29.04, 30.48, 54.00, 141.35, 995.52, 1807.34, 81.59, 57.68, 78.05, 22.18, 8.88, 12.71, 25.47, 15.49, 23.90]
192: [8.82, 18.11, 15.79, 20.84, 112.27, 1136.13, 1907.62, 207.00, 50.65, 35.52, 4.32, 23.26, 9.20, 16.45, 34.69, 3.87]
193: [57.89, 16.55, 23.16, 11.43, 53.54, 575.78, 2465.73, 282.61, 91.69, 15.88, 12.45, 12.70, 13.53, 3.09, 0.52, 24.72]
194: [76.61, 47.08, 41.56, 54.24, 75.95, 699.04, 3094.13, 138.04, 112.17, 52.83, 3.03, 22.19, 21.44, 29.82, 1.96, 21.80]
195: [3.88, 41.18, 16.00, 41.61, 208.10, 2489.51, 4473.19, 205.82, 149.18, 25.22, 33.24, 25.31, 22.78, 4.71, 2.72, 27.09]
196: [21.04, 28.00, 33.03, 51.44, 313.26, 4371.06, 6551.18, 580.26, 109.59, 64.86, 11.56, 15.21, 15.75, 17.26, 2.26, 47.61]
197: [3.29, 25.88, 70.74, 165.20, 399.60, 5793.37, 15511.42, 835.74, 159.12, 73.19, 22.89, 13.93, 6.60, 14.01, 6.32, 2.31]
198: [27.55, 7.78, 51.41, 639.39, 440.43, 6295.60, 50237.07, 839.99, 134.55, 131.71, 40.66, 12.49, 20.90, 23.27, 8.38, 22.96]
199: [32.55, 74.80, 44.87, 169.10, 400.68, 5730.18, 9829.59, 637.01, 126.46, 45.05, 32.94, 12.52, 22.36, 10.22, 10.11, 14.18]
200: [1.42, 49.14, 8.79, 85.44, 278.39, 4159.57, 5589.29, 365.35, 83.79, 51.07, 18.35, 33.09, 21.56, 2.90, 33.56, 27.87]
201: [10.51, 28.49, 27.28, 81.28, 159.02, 2131.89, 3799.43, 103.23, 63.12, 58.85, 11.57, 10.33, 9.22, 24.73, 24.04, 5.46]
202: [36.76, 15.46, 49.98, 117.49, 25.38, 105.62, 2955.59, 88.34, 28.55, 6.04, 32.56, 27.44, 25.40, 19.45, 32.61, 60.67]
203: [64.88, 14.43, 68.68, 20.72, 27.76, 1195.71, 2472.27, 88.14, 54.68, 33.53, 29.96, 46.07, 18.31, 36.73, 61.99, 62.47]
204: [64.15, 29.23, 38.88, 96.54, 89.94, 1832.77, 2041.36, 127.03, 30.40, 57.39, 15.69, 30.97, 22.68, 31.51, 33.67, 44.77]
205: [55.82, 4.91, 37.43, 70.96, 121.42, 1482.37, 1688.32, 117.38, 61.46, 17.41, 25.37, 29.54, 20.73, 19.22, 11.57, 10.99]
206: [53.92, 26.61, 56.29, 33.19, 50.14, 588.69, 1513.77, 100.34, 54.61, 46.94, 34.90, 18.51, 24.11, 6.76, 12.26, 37.08]
207: [31.27, 23.54, 80.60, 106.83, 45.03, 426.70, 1160.72, 154.45, 79.64, 32.16, 28.34, 14.36, 28.07, 27.14, 36.43, 43.10]
208: [77.94, 27.82, 66.38, 94.18, 90.78, 1121.60, 1339.58, 55.90, 27.56, 39.72, 7.82, 126.95, 10.41, 36.98, 18.18, 18.64]
209: [113.81, 30.33, 24.39, 96.24, 102.02, 1237.31, 1150.84, 49.13, 44.75, 52.23, 74.71, 44.45, 25.06, 35.13, 117.23, 38.80]
210: [4.90, 34.85, 56.11, 123.24, 58.70, 798.63, 1115.99, 112.21, 27.77, 21.85, 30.37, 10.35, 3.87, 59.50, 27.24, 1.97]
211: [30.68, 5.41, 25.37, 193.68, 41.40, 84.67, 1233.96, 89.04, 40.84, 11.72, 32.35, 19.16, 7.54, 42.31, 27.21, 28.60]
212: [48.56, 28.58, 67.61, 117.88, 129.62, 991.41, 1255.31, 46.89, 47.64, 66.17, 60.53, 33.18, 7.06, 31.06, 7.14, 29.61]
213: [15.76, 45.22, 18.32, 10.10, 169.98, 1592.04, 1673.97, 80.85, 62.05, 43.43, 49.49, 24.18, 4.31, 51.15, 22.82, 14.80]
214: [15.09, 22.14, 45.25, 100.82, 223.09, 1767.73, 2662.66, 116.93, 61.72, 16.30, 15.74, 25.61, 13.35, 14.85, 44.31, 39.14]
215: [52.85, 16.17, 73.70, 121.63, 149.29, 1488.04, 10099.20, 69.20, 66.49, 34.87, 66.31, 22.88, 13.76, 36.12, 16.63, 10.64]
216: [48.75, 20.06, 35.90, 45.47, 96.18, 1024.25, 5826.15, 32.98, 74.27, 77.55, 52.37, 31.74, 22.09, 40.09, 19.39, 19.49]
217: [10.79, 13.55, 6.83, 25.92, 23.23, 570.61, 2550.88, 44.12, 78.27, 23.98, 38.31, 39.30, 57.59, 17.56, 9.61, 20.48]
218: [76.01, 29.13, 47.56, 95.26, 64.31, 359.61, 1820.17, 87.68, 37.43, 110.98, 79.09, 17.24, 38.25, 30.10, 12.77, 34.19]
219: [21.05, 18.34, 31.82, 138.66, 89.36, 255.99, 1263.40, 180.48, 39.82, 74.72, 68.37, 10.13, 79.16, 58.69, 10.44, 85.53]
220: [36.76, 30.03, 12.37, 71.14, 82.33, 86.06, 1050.00, 220.31, 4.39, 117.38, 4.21, 22.96, 60.39, 50.35, 23.29, 32.17]
221: [34.91, 6.79, 52.61, 33.68, 38.93, 302.35, 886.03, 206.00, 17.13, 90.86, 13.99, 25.00, 12.07, 13.42, 13.87, 39.90]
222: [56.11, 16.24, 28.63, 9.57, 19.63, 451.94, 1329.00, 116.13, 43.54, 35.40, 31.40, 8.27, 24.08, 19.52, 13.16, 9.65]
223: [68.34, 35.27, 10.90, 39.25, 3.54, 379.95, 928.39, 54.96, 23.26, 17.32, 25.50, 34.30, 17.89, 23.14, 11.37, 64.99]
224: [14.17, 19.93, 59.92, 85.45, 28.53, 141.28, 839.20, 75.32, 10.85, 72.29, 29.35, 11.82, 41.00, 27.36, 21.54, 37.01]
225: [50.74, 32.77, 31.25, 30.75, 64.06, 170.68, 814.00, 87.34, 27.47, 88.57, 28.86, 1.43, 10.59, 37.31, 24.61, 38.37]
226: [102.26, 15.14, 14.00, 48.51, 14.65, 326.69, 784.86, 92.51, 32.04, 59.35, 32.19, 7.63, 19.84, 18.13, 19.08, 51.12]
227: [17.03, 21.90, 60.53, 9.25, 38.24, 326.98, 641.24, 29.80, 18.00, 26.69, 30.39, 7.70, 11.53, 32.26, 3.95, 3.71]
228: [72.20, 25.45, 19.02, 23.75, 51.00, 109.65, 748.20, 28.56, 20.49, 51.34, 32.07, 21.99, 21.84, 21.86, 16.33, 57.98]
229: [108.61, 56.97, 27.59, 81.49, 52.35, 235.95, 748.23, 37.47, 16.90, 55.08, 15.60, 18.89, 11.70, 7.72, 31.11, 19.28]
230: [55.63, 6.64, 53.47, 64.23, 23.26, 535.74, 678.17, 28.72, 23.74, 94.80, 40.03, 8.87, 3.42, 5.49, 13.34, 51.45]
231: [22.11, 24.94, 85.10, 58.60, 19.57, 665.71, 709.94, 71.76, 55.16, 65.15, 8.52, 17.52, 18.06, 27.56, 21.57, 13.51]
232: [81.86, 3.28, 11.58, 64.22, 32.24, 565.92, 780.14, 92.33, 23.14, 10.73, 34.65, 17.49, 41.71, 28.14, 22.10, 39.89]
233: [130.76, 34.91, 44.93, 34.65, 36.47, 286.74, 545.34, 38.54, 59.71, 69.06, 40.88, 26.35, 12.12, 41.84, 44.50, 26.97]
234: [78.29, 16.72, 154.42, 108.56, 44.78, 82.19, 527.14, 63.97, 60.00, 119.29, 38.19, 30.36, 31.12, 67.20, 55.06, 27.28]
235: [76.90, 56.32, 128.94, 89.05, 51.31, 212.78, 544.62, 99.65, 38.97, 109.70, 62.81, 26.00, 50.91, 26.02, 53.45, 68.10]
236: [136.92, 145.17, 323.43, 116.42, 151.47, 200.95, 513.05, 86.77, 106.69, 22.39, 63.75, 8.79, 32.29, 50.76, 29.12, 30.52]
237: [123.82, 664.39, 639.42, 155.65, 81.53, 131.74, 541.09, 90.16, 73.56, 132.05, 88.66, 36.29, 49.72, 67.69, 44.86, 97.13]
238: [149.12, 404.53, 312.22, 187.32, 599.84, 227.86, 590.06, 39.35, 110.59, 263.17, 113.74, 18.65, 60.20, 33.80, 149.76, 68.31]
239: [131.71, 386.09, 445.18, 119.35, 614.73, 1232.94, 578.96, 374.21, 384.40, 309.19, 186.10, 72.94, 58.21, 127.92, 157.81, 99.04]
240: [727.30, 343.69, 461.68, 281.41, 592.10, 1156.86, 528.38, 742.27, 897.97, 255.67, 458.36, 924.93, 83.21, 380.85, 710.14, 161.19]
241: [524.62, 208.43, 354.07, 1723.52, 606.53, 855.33, 527.08, 100.34, 374.15, 14.94, 387.84, 76.21, 156.21, 424.78, 430.18, 76.41]
242: [197.87, 135.81, 160.52, 378.05, 524.77, 449.40, 1026.63, 484.28, 288.60, 290.54, 287.78, 33.76, 112.74, 156.20, 218.00, 258.86]
243: [130.28, 80.83, 72.78, 166.12, 410.68, 190.79, 1087.41, 730.50, 281.37, 866.16, 533.08, 41.77, 205.73, 401.15, 88.66, 236.87]
244: [199.83, 45.38, 73.79, 236.24, 238.65, 598.97, 2220.40, 882.84, 209.08, 660.12, 456.58, 24.87, 845.80, 374.15, 99.13, 691.02]
245: [113.96, 30.75, 46.71, 93.11, 78.23, 816.66, 2609.52, 699.45, 174.40, 243.19, 176.88, 35.39, 96.46, 211.34, 84.21, 399.99]
246: [38.00, 10.14, 33.88, 94.81, 25.45, 788.29, 598.94, 347.08, 130.57, 414.67, 36.70, 53.14, 86.90, 80.55, 70.17, 111.40]
247: [149.61, 27.19, 101.03, 94.12, 107.28, 604.81, 177.90, 36.06, 62.61, 287.25, 94.25, 41.23, 85.27, 81.70, 50.59, 233.66]
248: [169.43, 12.77, 53.28, 28.04, 95.29, 446.20, 331.99, 190.53, 44.75, 241.82, 42.00, 14.53, 50.71, 46.01, 50.88, 147.50]
249: [14.00, 26.99, 43.14, 40.42, 85.69, 417.82, 365.38, 138.21, 11.73, 103.21, 31.04, 18.28, 64.48, 16.36, 41.47, 153.45]
250: [48.81, 10.71, 90.36, 38.81, 29.59, 350.24, 475.05, 84.53, 4.12, 72.94, 35.38, 18.52, 27.91, 33.06, 52.41, 65.01]
251: [73.88, 22.66, 77.03, 11.84, 35.99, 169.78, 477.34, 228.00, 58.19, 13.95, 14.80, 19.34, 37.23, 11.77, 47.56, 141.01]
252: [85.51, 35.09, 75.75, 38.27, 53.99, 143.68, 398.79, 170.90, 65.38, 19.37, 26.37, 29.26, 53.96, 21.29, 30.93, 79.13]
253: [37.15, 22.62, 71.34, 12.77, 29.31, 321.62, 397.45, 33.39, 51.21, 15.33, 19.86, 16.91, 13.77, 46.87, 31.65, 66.63]
254: [52.99, 37.99, 44.70, 48.09, 37.73, 423.36, 495.89, 113.44, 36.35, 59.92, 8.90, 10.86, 38.35, 22.83, 15.87, 26.63]
255: [84.26, 28.76, 55.83, 48.32, 31.64, 299.66, 454.48, 110.12, 29.75, 103.52, 12.88, 37.25, 28.50, 18.03, 57.72, 6.08]
256: [63.00, 58.00, 61.00, 3.00, 11.00, 191.00, 476.00, 7.00, 0.00, 83.00, 3.00, 36.00, 15.00, 29.00, 24.00, 25.00]