0: [25107.00, 25203.00, 25391.00, 25290.00, 25230.00, 25153.00, 25191.00, 25294.00, 25376.00, 25234.00, 25150.00, 25120.00, 25240.00, 25321.00, 25248.00, 25171.00]
1: [21.98, 17.25, 31.28, 34.14, 8.99, 48.57, 10.94, 44.34, 33.38, 29.22, 17.70, 40.77, 31.35, 10.89, 25.16, 40.48]
2: [53.50, 12.58, 44.22, 41.56, 28.33, 21.90, 27.39, 1.99, 67.89, 13.37, 11.81, 23.81, 16.91, 37.16, 25.30, 15.95]
3: [17.57, 44.84, 24.34, 23.35, 30.96, 56.45, 24.15, 22.46, 38.27, 30.38, 4.80, 11.04, 35.19, 9.84, 36.74, 35.24]
4: [34.47, 36.57, 1.13, 22.84, 21.63, 19.35, 25.30, 34.69, 28.06, 50.51, 24.53, 51.20, 55.51, 35.26, 29.00, 11.86]
5: [17.27, 28.49, 1.50, 43.10, 38.35, 36.97, 47.75, 5.07, 30.65, 12.98, 25.41, 68.44, 34.77, 28.54, 16.55, 15.61]
6: [40.65, 9.36, 43.33, 17.95, 11.36, 29.62, 23.96, 13.80, 13.36, 24.72, 38.53, 8.44, 33.06, 43.47, 29.65, 14.86]
7: [57.97, 19.85, 31.00, 26.48, 45.69, 21.12, 9.46, 18.89, 28.05, 37.71, 47.16, 3.24, 15.55, 28.80, 39.03, 30.03]
8: [15.19, 34.52, 19.84, 42.98, 52.80, 23.84, 13.46, 23.42, 47.14, 18.91, 24.68, 6.37, 22.48, 16.28, 38.98, 28.67]
9: [88.38, 24.03, 18.29, 35.21, 28.67, 25.39, 49.72, 39.65, 39.75, 33.22, 59.54, 23.09, 19.06, 49.74, 29.26, 13.55]
10: [12.97, 40.71, 17.72, 5.46, 18.19, 14.45, 7.56, 39.87, 48.83, 41.80, 18.10, 9.91, 10.60, 45.43, 14.57, 43.31]
11: [40.63, 26.88, 78.38, 31.20, 31.79, 29.49, 18.81, 45.63, 59.72, 24.14, 45.44, 4.66, 22.35, 9.41, 26.99, 13.58]
12: [26.95, 28.93, 14.40, 50.79, 21.54, 15.89, 20.29, 37.54, 29.69, 8.28, 12.16, 29.27, 14.32, 23.83, 27.80, 20.07]
13: [32.77, 13.52, 11.19, 51.59, 18.12, 14.74, 19.89, 39.16, 18.65, 30.76, 17.43, 34.71, 28.67, 29.70, 22.26, 40.26]
14: [31.02, 32.32, 33.53, 31.99, 37.52, 33.87, 24.78, 21.36, 71.39, 20.13, 15.48, 29.46, 50.43, 34.03, 20.93, 9.58]
15: [16.40, 58.43, 48.33, 40.35, 10.38, 19.85, 42.90, 34.30, 36.19, 23.21, 38.88, 32.25, 27.03, 14.08, 39.51, 35.76]
16: [84.74, 11.18, 41.43, 20.82, 65.23, 16.97, 37.05, 41.33, 29.08, 41.61, 13.03, 11.20, 50.65, 21.49, 28.84, 49.20]
17: [27.24, 12.31, 59.93, 18.61, 5.89, 21.53, 38.23, 14.71, 54.99, 5.59, 18.35, 43.38, 35.17, 40.16, 13.38, 13.67]
18: [45.76, 68.00, 34.74, 37.63, 42.74, 33.30, 24.81, 70.19, 11.61, 49.34, 21.64, 45.07, 29.24, 66.57, 41.55, 16.44]
19: [83.04, 39.28, 29.37, 13.94, 27.70, 52.27, 34.69, 18.36, 34.65, 86.63, 27.61, 15.09, 24.85, 33.42, 57.33, 35.36]
20: [32.76, 89.83, 5.07, 14.78, 14.17, 33.12, 48.03, 29.05, 19.06, 11.23, 77.72, 41.48, 28.08, 24.64, 33.41, 21.99]
21: [65.12, 33.92, 86.03, 91.56, 34.75, 43.98, 32.80, 13.96, 41.85, 45.65, 33.15, 24.24, 38.29, 29.97, 8.67, 4.82]
22: [21.69, 5.76, 49.57, 59.68, 23.88, 20.36, 62.64, 51.04, 25.74, 18.93, 68.12, 10.60, 56.42, 28.23, 31.54, 19.55]
23: [25.95, 38.57, 74.33, 90.24, 67.68, 74.10, 97.89, 61.40, 35.88, 16.64, 28.38, 52.56, 65.71, 45.01, 47.78, 134.97]
24: [40.54, 99.16, 141.85, 87.80, 62.66, 64.97, 10.94, 53.67, 87.16, 33.84, 99.33, 69.70, 94.36, 78.85, 89.34, 35.49]
25: [51.14, 28.06, 132.46, 39.46, 217.12, 235.66, 233.67, 118.85, 298.86, 349.96, 165.08, 167.62, 67.17, 151.75, 200.04, 236.52]
26: [8.99, 161.98, 240.92, 93.42, 54.55, 198.77, 287.97, 334.99, 322.63, 336.17, 214.27, 332.66, 296.83, 75.24, 216.88, 329.40]
27: [19.97, 45.10, 25.43, 115.63, 31.86, 143.49, 185.60, 149.12, 141.70, 47.66, 226.87, 222.93, 81.59, 83.17, 176.37, 83.82]
28: [54.94, 64.26, 112.63, 74.31, 94.07, 44.29, 149.71, 45.06, 174.71, 128.76, 120.54, 84.06, 34.74, 48.77, 12.65, 142.62]
29: [71.77, 39.51, 23.95, 9.41, 50.03, 27.55, 69.36, 37.59, 58.00, 53.77, 31.80, 40.12, 60.78, 53.21, 73.48, 25.68]
30: [12.56, 23.63, 40.12, 25.54, 66.27, 37.13, 32.34, 117.47, 17.85, 50.98, 27.78, 124.63, 78.84, 46.76, 36.83, 101.34]
31: [105.05, 43.78, 21.93, 40.36, 18.67, 83.45, 66.98, 119.95, 22.09, 54.04, 39.63, 69.35, 58.43, 66.05, 20.20, 54.07]
32: [61.29, 101.06, 36.35, 86.65, 53.50, 38.60, 14.15, 17.25, 63.43, 64.23, 17.49, 10.42, 51.38, 42.15, 27.42, 33.19]
33: [69.69, 14.70, 12.52, 50.63, 5.75, 57.71, 52.40, 66.64, 9.11, 38.00, 57.21, 58.18, 22.04, 41.64, 57.67, 19.08]
34: [52.83, 24.09, 26.56, 46.31, 33.61, 17.69, 44.00, 7.56, 50.43, 15.99, 16.45, 44.71, 34.69, 17.43, 13.42, 23.12]
35: [84.88, 43.33, 4.58, 37.42, 18.15, 9.35, 36.18, 25.53, 39.28, 55.79, 30.75, 9.29, 13.32, 16.55, 24.01, 12.94]
36: [70.30, 29.38, 51.28, 15.52, 12.73, 41.47, 53.28, 37.78, 30.73, 30.85, 30.01, 27.96, 32.55, 29.50, 41.65, 16.34]
37: [55.37, 15.52, 71.24, 29.26, 32.12, 12.01, 34.12, 2.51, 33.63, 22.47, 31.08, 20.65, 31.47, 31.53, 18.95, 23.68]
38: [100.26, 14.26, 31.82, 27.19, 56.40, 17.10, 33.55, 33.08, 27.16, 28.44, 36.02, 14.50, 41.84, 9.49, 20.99, 12.30]
39: [63.01, 39.80, 22.45, 56.06, 19.56, 15.76, 67.45, 31.07, 51.87, 18.66, 18.16, 10.09, 43.30, 32.52, 28.56, 14.50]
40: [81.47, 16.21, 61.12, 33.36, 37.73, 49.74, 38.67, 8.49, 35.50, 40.46, 48.44, 43.63, 21.41, 19.47, 9.36, 31.26]
41: [73.41, 34.31, 16.32, 54.06, 20.46, 20.42, 38.05, 29.87, 5.23, 48.07, 47.43, 43.41, 11.01, 37.89, 62.25, 19.92]
42: [80.89, 11.53, 40.71, 15.76, 44.83, 32.61, 7.35, 39.45, 6.01, 38.01, 60.55, 10.41, 22.13, 25.95, 32.16, 40.72]
43: [38.43, 67.71, 34.28, 41.14, 36.82, 43.97, 34.08, 24.80, 14.97, 7.00, 45.80, 17.90, 6.42, 25.07, 14.95, 15.27]
44: [80.43, 37.88, 31.99, 34.31, 41.28, 17.94, 32.57, 19.58, 52.27, 54.56, 11.49, 43.34, 45.31, 33.89, 10.09, 14.90]
45: [162.04, 32.73, 34.08, 18.79, 20.62, 16.61, 38.75, 5.50, 30.96, 77.94, 17.51, 33.13, 10.44, 19.10, 28.37, 48.25]
46: [186.77, 2.91, 32.42, 33.42, 17.46, 30.01, 65.57, 21.91, 37.54, 34.32, 10.85, 67.30, 23.88, 22.66, 14.87, 49.03]
47: [185.36, 8.22, 17.99, 33.05, 25.68, 76.79, 19.94, 48.30, 61.27, 11.98, 69.75, 57.51, 42.91, 16.20, 25.49, 29.35]
48: [173.41, 37.44, 47.72, 23.08, 21.07, 55.86, 27.65, 46.90, 57.06, 50.29, 7.18, 16.90, 13.98, 30.11, 33.10, 27.32]
49: [95.81, 29.68, 75.86, 43.03, 46.28, 30.39, 20.29, 30.61, 18.56, 3.36, 43.11, 30.37, 45.49, 44.98, 51.24, 37.64]
50: [130.73, 43.26, 16.07, 20.50, 24.04, 38.55, 32.95, 26.47, 10.86, 50.12, 47.77, 32.67, 19.30, 14.97, 41.84, 46.65]
51: [82.40, 27.24, 26.69, 15.60, 52.69, 9.64, 10.86, 11.19, 46.40, 58.56, 28.92, 22.25, 31.24, 51.96, 44.35, 20.55]
52: [179.45, 45.53, 44.33, 39.56, 28.88, 54.26, 20.17, 42.10, 6.66, 44.73, 62.58, 39.30, 13.21, 15.22, 13.57, 22.13]
53: [66.55, 50.41, 44.59, 41.81, 35.33, 53.36, 60.07, 66.67, 14.01, 26.99, 47.97, 50.76, 47.54, 27.10, 15.23, 44.17]
54: [51.03, 5.86, 40.98, 32.54, 73.06, 48.37, 27.08, 32.30, 7.47, 36.34, 24.59, 26.53, 38.73, 41.92, 44.69, 32.47]
55: [49.56, 66.18, 20.13, 43.32, 40.14, 21.24, 17.56, 33.06, 24.59, 61.11, 13.68, 65.68, 65.14, 9.00, 6.41, 28.25]
56: [24.02, 51.91, 15.45, 50.71, 19.89, 48.02, 23.34, 51.69, 66.65, 20.94, 14.39, 32.32, 75.95, 28.80, 23.13, 54.96]
57: [150.75, 14.97, 58.59, 50.28, 13.97, 77.18, 8.20, 28.73, 24.72, 25.72, 25.68, 29.24, 49.25, 42.50, 48.39, 29.02]
58: [76.90, 33.98, 14.46, 9.76, 50.46, 56.80, 42.22, 19.32, 47.68, 48.96, 35.77, 25.90, 12.64, 10.54, 12.41, 34.28]
59: [96.55, 14.25, 26.01, 10.88, 18.88, 51.81, 28.55, 28.27, 36.50, 7.67, 32.25, 21.02, 46.08, 48.23, 27.29, 20.79]
60: [25.88, 28.14, 18.10, 22.30, 62.07, 34.60, 28.25, 25.02, 3.50, 32.81, 17.69, 28.59, 17.20, 23.79, 10.58, 41.87]
61: [66.28, 31.94, 20.60, 7.15, 14.63, 26.26, 61.20, 31.08, 67.59, 62.79, 51.87, 14.32, 39.42, 7.34, 8.93, 40.17]
62: [70.04, 16.11, 13.50, 23.06, 25.94, 34.97, 30.78, 27.60, 38.70, 22.12, 33.09, 16.82, 83.10, 58.97, 46.05, 39.14]
63: [124.36, 56.23, 51.12, 52.69, 17.61, 26.38, 21.15, 4.93, 56.49, 18.29, 12.21, 19.46, 17.41, 56.67, 21.26, 24.79]
64: [87.69, 26.78, 34.92, 70.71, 9.83, 41.24, 97.03, 68.65, 64.20, 35.78, 106.41, 49.17, 31.91, 70.33, 18.01, 39.56]
65: [77.70, 41.42, 43.27, 34.34, 8.76, 13.30, 92.34, 37.43, 64.79, 23.21, 39.17, 49.62, 12.91, 30.34, 58.13, 46.96]
66: [62.61, 27.81, 18.33, 51.07, 69.12, 72.79, 25.83, 26.67, 58.08, 65.72, 9.27, 32.49, 28.88, 64.97, 59.01, 85.28]
67: [158.90, 47.15, 49.54, 37.00, 17.54, 37.92, 30.82, 27.56, 46.20, 51.32, 70.99, 47.18, 43.42, 60.67, 26.24, 16.08]
68: [97.79, 54.13, 19.04, 28.18, 28.26, 13.63, 37.33, 44.09, 10.86, 45.17, 20.13, 33.09, 82.36, 57.26, 90.08, 28.90]
69: [33.38, 24.03, 41.89, 44.97, 11.71, 43.01, 10.14, 36.12, 4.33, 35.73, 35.62, 19.29, 8.92, 62.88, 17.21, 13.65]
70: [52.11, 36.88, 23.98, 58.60, 32.00, 54.03, 15.07, 19.06, 31.35, 23.80, 7.11, 74.62, 50.07, 37.75, 45.09, 47.16]
71: [12.41, 22.47, 53.70, 50.55, 38.63, 14.02, 11.02, 31.23, 7.58, 73.08, 32.64, 32.50, 19.89, 56.95, 50.75, 11.04]
72: [146.03, 38.09, 29.05, 58.00, 42.04, 40.98, 32.10, 25.37, 70.26, 74.32, 57.46, 2.94, 43.08, 23.84, 53.94, 22.25]
73: [50.84, 44.77, 48.48, 24.23, 34.67, 61.42, 52.51, 22.06, 60.50, 32.24, 14.06, 65.49, 57.03, 54.85, 42.51, 5.99]
74: [142.25, 44.52, 35.95, 22.21, 79.28, 21.69, 48.09, 32.75, 47.23, 35.52, 6.87, 43.88, 34.12, 34.50, 25.00, 43.14]
75: [154.29, 57.26, 24.60, 48.38, 50.04, 39.98, 32.29, 37.85, 5.16, 5.83, 64.89, 16.17, 64.10, 25.67, 52.90, 25.65]
76: [54.64, 34.47, 80.08, 51.97, 49.14, 49.16, 31.45, 35.65, 59.48, 32.30, 2.43, 27.42, 25.33, 41.64, 51.47, 18.59]
77: [84.42, 35.19, 26.10, 40.51, 57.46, 53.24, 26.37, 32.84, 29.86, 7.00, 36.20, 64.95, 22.38, 38.13, 17.13, 13.48]
78: [136.04, 35.71, 16.08, 4.60, 43.92, 20.38, 17.23, 13.08, 38.47, 59.84, 54.05, 41.54, 53.32, 20.13, 16.20, 48.88]
79: [73.44, 104.48, 25.58, 49.08, 19.10, 11.78, 33.95, 70.00, 72.00, 76.22, 60.31, 39.76, 41.88, 49.91, 69.06, 24.48]
80: [88.84, 69.52, 88.22, 53.43, 53.25, 20.53, 77.94, 35.52, 80.00, 117.74, 105.37, 55.95, 35.37, 120.37, 70.35, 40.41]
81: [18.58, 63.48, 96.19, 74.43, 57.80, 68.01, 73.01, 15.69, 42.98, 58.09, 65.94, 70.44, 56.11, 28.90, 41.08, 83.84]
82: [41.94, 63.76, 77.61, 68.42, 14.88, 30.74, 68.97, 20.29, 32.82, 81.55, 34.30, 31.61, 58.56, 110.88, 42.16, 12.99]
83: [53.91, 36.51, 94.09, 87.06, 88.52, 78.64, 76.63, 44.16, 48.66, 88.15, 19.54, 13.29, 49.28, 74.58, 18.93, 67.88]
84: [117.11, 44.30, 38.78, 37.94, 63.92, 13.94, 34.46, 72.64, 71.24, 92.82, 29.13, 56.34, 102.91, 55.54, 64.77, 27.68]
85: [116.73, 21.59, 84.37, 7.61, 112.61, 53.02, 46.65, 91.82, 71.64, 66.90, 55.00, 11.05, 42.32, 18.38, 87.77, 27.91]
86: [138.59, 20.67, 22.23, 28.99, 37.04, 16.27, 38.86, 19.62, 33.88, 28.16, 45.31, 41.79, 51.40, 41.73, 29.22, 36.17]
87: [146.48, 19.38, 34.70, 29.63, 44.35, 12.44, 23.98, 40.89, 46.68, 38.79, 14.35, 62.13, 67.83, 81.76, 38.17, 21.62]
88: [105.76, 24.26, 25.49, 22.26, 57.82, 43.90, 43.23, 31.42, 17.48, 24.88, 45.57, 39.57, 44.60, 44.41, 34.79, 36.70]
89: [28.35, 49.52, 17.98, 43.70, 30.58, 45.95, 28.46, 23.85, 23.59, 84.77, 31.07, 34.52, 28.51, 39.13, 29.48, 19.89]
90: [137.14, 55.28, 6.82, 51.63, 38.15, 42.54, 29.68, 18.61, 38.49, 32.15, 49.91, 44.46, 17.79, 21.05, 67.61, 17.20]
91: [117.54, 53.12, 17.28, 29.72, 35.65, 36.90, 60.59, 5.26, 79.71, 44.80, 60.14, 16.40, 41.75, 30.29, 26.53, 48.67]
92: [14.03, 40.12, 40.55, 46.06, 31.29, 45.97, 102.36, 49.58, 30.56, 32.53, 1.08, 83.78, 40.28, 23.57, 90.86, 30.57]
93: [39.44, 47.22, 54.06, 68.55, 54.66, 74.34, 26.50, 61.65, 32.75, 44.41, 75.96, 26.88, 16.82, 62.67, 68.76, 59.05]
94: [139.13, 23.98, 92.51, 64.19, 29.27, 23.74, 28.76, 36.08, 106.55, 43.85, 24.27, 39.55, 121.90, 22.23, 34.92, 77.49]
95: [19.11, 109.81, 28.11, 52.84, 22.18, 84.98, 46.83, 24.88, 10.81, 33.92, 31.79, 128.97, 17.49, 34.03, 60.82, 41.27]
96: [146.06, 69.59, 3.79, 28.66, 17.93, 92.74, 47.03, 57.45, 21.08, 69.23, 63.72, 92.92, 80.19, 54.91, 54.69, 66.70]
97: [149.52, 80.73, 49.49, 109.26, 71.63, 69.52, 49.21, 77.32, 54.04, 24.16, 55.26, 59.25, 85.56, 42.00, 9.54, 63.84]
98: [159.13, 104.39, 106.05, 85.58, 55.90, 73.24, 58.01, 45.27, 114.91, 35.66, 85.21, 70.00, 107.50, 60.91, 9.44, 91.91]
99: [43.24, 20.65, 63.70, 48.05, 24.57, 40.68, 28.74, 105.84, 46.46, 97.64, 27.95, 64.92, 70.14, 70.33, 30.30, 10.14]
100: [92.10, 184.81, 80.24, 86.37, 43.60, 59.47, 31.04, 17.56, 63.78, 41.93, 51.10, 74.77, 22.79, 56.64, 128.09, 87.70]
101: [74.65, 69.70, 62.58, 70.68, 47.46, 93.56, 25.31, 99.14, 45.85, 13.04, 32.41, 96.69, 110.18, 131.37, 41.74, 64.16]
102: [104.76, 50.57, 21.88, 12.89, 91.23, 51.83, 59.77, 76.12, 80.39, 168.50, 75.87, 25.32, 159.10, 50.22, 24.47, 64.33]
103: [81.66, 133.84, 145.13, 99.59, 152.03, 48.93, 42.84, 166.85, 156.12, 84.55, 43.23, 47.19, 134.74, 65.56, 116.69, 54.67]
104: [105.46, 136.72, 201.97, 57.49, 60.31, 50.32, 97.56, 76.41, 93.20, 77.91, 58.25, 93.18, 73.87, 115.76, 81.65, 104.68]
105: [36.50, 77.49, 137.66, 112.38, 331.51, 59.23, 110.41, 45.16, 72.83, 165.75, 108.46, 94.04, 76.78, 200.60, 137.34, 36.92]
106: [134.94, 57.25, 35.64, 43.30, 70.47, 174.80, 153.51, 77.63, 144.81, 222.74, 95.53, 263.12, 116.65, 83.56, 134.77, 90.80]
107: [83.44, 449.20, 331.95, 106.71, 152.10, 244.51, 246.00, 192.02, 138.44, 158.96, 29.75, 59.59, 439.11, 245.44, 128.39, 99.82]
108: [109.74, 379.34, 331.17, 236.77, 110.29, 138.01, 88.18, 262.07, 415.59, 132.51, 79.66, 596.14, 289.88, 99.54, 125.35, 274.02]
109: [94.05, 354.29, 461.13, 183.13, 491.38, 308.07, 356.94, 448.80, 281.69, 182.80, 137.40, 399.22, 331.10, 295.34, 282.89, 536.72]
110: [177.28, 320.22, 166.89, 326.23, 339.11, 468.77, 67.46, 541.03, 41.54, 166.52, 278.53, 141.74, 438.90, 166.11, 261.56, 124.43]
111: [79.06, 44.36, 130.24, 24.47, 222.07, 208.14, 75.57, 185.13, 153.90, 62.92, 104.92, 241.61, 87.05, 161.88, 90.58, 188.67]
112: [144.84, 80.86, 80.99, 212.26, 115.76, 193.40, 116.19, 153.43, 56.50, 24.58, 213.22, 146.63, 143.90, 168.29, 24.92, 73.77]
113: [208.75, 106.65, 144.36, 86.28, 45.08, 45.49, 80.98, 18.73, 130.17, 20.11, 61.01, 113.81, 201.62, 44.44, 105.67, 74.18]
114: [202.53, 39.63, 46.95, 107.44, 72.64, 57.14, 133.27, 31.22, 70.20, 224.69, 180.36, 113.55, 50.75, 74.64, 100.52, 67.14]
115: [335.57, 85.57, 53.27, 22.31, 347.13, 126.00, 197.15, 85.18, 72.07, 94.07, 99.85, 122.25, 48.65, 79.70, 76.86, 32.55]
116: [168.62, 101.08, 55.97, 42.24, 21.26, 61.18, 109.91, 91.91, 119.17, 146.91, 34.16, 37.67, 55.16, 12.77, 46.38, 140.53]
117: [19.18, 95.49, 125.45, 145.46, 150.92, 71.86, 23.03, 68.24, 44.30, 111.13, 117.35, 76.44, 91.49, 102.56, 33.10, 112.76]
118: [219.00, 133.15, 116.24, 44.14, 12.74, 96.98, 72.07, 115.57, 46.51, 125.64, 36.14, 82.95, 121.89, 104.62, 112.40, 62.23]
119: [150.39, 92.54, 25.56, 88.50, 124.09, 87.16, 120.98, 88.55, 82.70, 65.20, 70.33, 89.48, 72.99, 50.37, 56.96, 119.23]
120: [157.81, 53.35, 84.81, 81.14, 80.15, 80.01, 132.54, 240.02, 134.85, 66.20, 35.19, 42.79, 11.61, 50.53, 29.75, 102.28]
121: [277.95, 97.48, 24.19, 64.38, 7.73, 97.21, 24.97, 25.53, 56.32, 47.66, 100.53, 68.55, 78.58, 66.15, 105.90, 47.37]
122: [425.17, 64.66, 81.48, 48.72, 107.21, 107.75, 110.87, 171.29, 116.53, 89.26, 61.78, 15.02, 72.23, 29.98, 95.82, 131.58]
123: [401.39, 126.82, 64.91, 132.36, 143.82, 49.85, 97.99, 96.22, 69.63, 49.78, 42.72, 124.12, 69.17, 153.90, 99.80, 37.44]
124: [382.37, 85.50, 249.38, 75.24, 49.30, 173.87, 132.86, 152.28, 76.44, 43.70, 160.67, 169.97, 68.77, 86.45, 106.06, 235.23]
125: [430.40, 193.80, 46.57, 101.35, 163.84, 87.27, 139.05, 152.61, 40.20, 76.83, 178.00, 59.81, 119.12, 121.03, 224.22, 59.03]
126: [334.61, 128.77, 249.93, 204.45, 51.00, 220.33, 84.67, 133.62, 92.32, 53.84, 304.51, 152.81, 137.79, 99.60, 93.56, 212.82]
127: [211.61, 279.73, 254.67, 131.97, 70.88, 145.22, 256.21, 181.36, 105.74, 212.72, 144.52, 28.33, 143.57, 214.93, 188.82, 352.54]
128: [691.60, 214.67, 104.92, 111.13, 328.82, 264.37, 360.85, 340.98, 142.34, 233.26, 111.76, 462.29, 180.24, 134.63, 145.79, 198.57]
129: [889.67, 363.04, 310.71, 306.48, 306.30, 380.31, 253.55, 386.05, 228.40, 130.03, 305.23, 246.35, 81.24, 230.34, 497.83, 9.53]
130: [702.24, 302.89, 394.52, 116.84, 254.14, 435.30, 529.67, 127.71, 218.68, 506.03, 108.95, 317.25, 360.12, 195.49, 546.77, 211.97]
131: [223.13, 251.46, 267.74, 1006.80, 454.45, 495.70, 219.17, 205.22, 713.70, 450.54, 110.07, 285.95, 378.49, 701.67, 628.42, 107.19]
132: [280.93, 982.03, 608.37, 888.11, 869.27, 1008.94, 428.51, 323.87, 1019.99, 288.09, 344.50, 281.59, 412.48, 304.49, 314.44, 376.20]
133: [417.50, 957.38, 1468.36, 1043.52, 487.90, 848.65, 1078.10, 356.01, 742.53, 437.95, 725.87, 427.30, 140.88, 727.87, 1190.92, 62.84]
134: [1330.54, 1346.21, 1121.73, 416.13, 345.25, 1101.76, 486.25, 1041.39, 1056.11, 1084.36, 1132.76, 669.60, 1619.35, 381.68, 736.01, 1732.99]
135: [367.08, 1509.59, 1168.62, 1318.56, 1556.46, 857.30, 960.11, 1786.59, 1680.21, 1377.38, 1447.93, 1651.34, 2020.72, 1203.87, 1903.50, 852.49]
136: [831.37, 521.66, 805.64, 478.19, 376.53, 118.48, 283.97, 337.39, 648.69, 364.84, 270.66, 617.86, 103.02, 359.47, 156.25, 853.54]
137: [782.26, 175.46, 351.43, 109.56, 311.17, 507.70, 213.89, 234.46, 333.56, 782.84, 275.36, 124.53, 271.85, 286.86, 234.07, 302.12]
138: [278.95, 218.22, 112.57, 120.11, 296.82, 162.96, 168.85, 238.99, 226.58, 82.59, 156.61, 295.71, 258.96, 56.30, 151.17, 62.10]
139: [315.40, 150.25, 94.33, 116.79, 45.05, 280.30, 65.30, 104.07, 200.80, 50.54, 57.10, 290.32, 180.19, 165.31, 124.33, 202.39]
140: [21.33, 120.47, 94.00, 37.33, 139.66, 98.31, 157.84, 182.29, 141.66, 254.20, 146.62, 238.52, 20.82, 28.29, 57.61, 92.99]
141: [599.01, 74.69, 149.47, 116.89, 110.27, 145.69, 50.60, 72.84, 276.66, 155.98, 31.03, 194.13, 185.64, 65.31, 74.19, 65.57]
142: [253.82, 57.48, 108.85, 166.69, 166.15, 162.67, 120.53, 100.84, 114.05, 61.72, 126.05, 67.40, 122.13, 38.11, 31.24, 120.93]
143: [270.23, 64.15, 98.57, 146.02, 187.58, 148.41, 24.80, 157.95, 125.66, 106.28, 75.82, 66.67, 92.94, 93.09, 75.28, 65.07]
144: [187.86, 38.09, 99.13, 32.48, 58.22, 29.84, 46.31, 109.83, 125.28, 51.05, 131.51, 83.91, 144.90, 25.71, 103.93, 7.93]
145: [104.84, 56.97, 50.80, 130.05, 58.69, 25.61, 88.69, 55.48, 38.09, 36.88, 91.44, 29.33, 231.29, 52.97, 80.22, 93.04]
146: [281.73, 101.99, 102.66, 114.19, 42.01, 42.35, 17.18, 112.91, 152.98, 64.62, 147.91, 61.28, 45.77, 55.01, 60.76, 81.36]
147: [472.65, 89.22, 39.15, 45.28, 115.54, 22.06, 33.27, 141.92, 122.34, 42.69, 30.75, 36.76, 61.68, 56.80, 38.60, 83.21]
148: [298.14, 76.14, 39.89, 18.56, 79.78, 62.90, 66.23, 154.83, 102.12, 104.33, 52.54, 121.26, 90.42, 56.39, 20.17, 132.79]
149: [174.83, 49.81, 134.30, 18.67, 36.28, 43.54, 67.13, 47.41, 74.35, 62.33, 49.22, 75.59, 159.60, 162.14, 34.14, 43.76]
150: [183.52, 72.63, 26.13, 24.99, 65.07, 45.85, 50.35, 73.90, 65.84, 60.32, 119.67, 65.35, 91.54, 226.24, 172.58, 159.36]
151: [98.06, 20.52, 95.63, 31.12, 67.63, 75.46, 70.42, 115.86, 58.81, 10.72, 62.05, 39.22, 64.45, 48.31, 41.57, 47.26]
152: [237.57, 20.19, 23.25, 87.08, 83.25, 35.29, 27.30, 61.43, 31.73, 30.04, 32.57, 71.16, 58.04, 37.46, 26.29, 27.53]
153: [138.46, 94.28, 55.49, 44.90, 61.78, 13.37, 56.95, 36.28, 27.78, 13.47, 62.02, 58.63, 10.96, 34.96, 39.50, 38.66]
154: [102.98, 66.83, 37.38, 6.20, 48.37, 70.36, 37.98, 16.50, 21.51, 79.02, 13.34, 67.81, 97.91, 67.08, 83.13, 51.78]
155: [100.65, 8.94, 68.69, 24.16, 43.94, 56.10, 95.73, 22.24, 129.12, 21.99, 37.40, 63.36, 39.96, 56.63, 63.40, 18.70]
156: [47.89, 49.49, 29.90, 40.29, 21.63, 80.57, 31.54, 35.86, 8.91, 30.00, 53.41, 50.80, 26.69, 86.58, 181.13, 45.98]
157: [98.78, 68.68, 65.29, 30.12, 115.17, 76.96, 45.18, 79.89, 16.13, 74.73, 78.72, 58.50, 27.17, 62.41, 26.08, 38.10]
158: [231.87, 76.46, 34.28, 91.78, 5.81, 95.35, 125.22, 51.65, 150.47, 60.28, 60.70, 78.51, 28.01, 118.65, 36.85, 57.56]
159: [155.53, 189.67, 191.57, 34.44, 60.87, 105.38, 106.54, 42.76, 65.68, 138.38, 47.02, 109.26, 31.72, 55.66, 193.13, 191.40]
160: [162.08, 164.51, 199.16, 86.41, 104.01, 81.74, 49.15, 36.75, 151.02, 22.31, 168.67, 97.10, 38.54, 112.34, 137.46, 208.24]
161: [233.80, 73.69, 103.62, 46.86, 99.44, 22.12, 46.14, 31.05, 78.65, 29.11, 101.17, 141.67, 83.63, 141.14, 72.59, 120.38]
162: [126.96, 44.97, 23.74, 41.86, 82.77, 37.62, 130.63, 49.06, 106.48, 45.29, 82.57, 73.06, 56.38, 104.07, 71.50, 40.85]
163: [21.45, 34.92, 57.85, 22.05, 22.20, 81.34, 59.64, 56.86, 72.93, 57.14, 5.38, 37.35, 86.76, 69.57, 124.71, 99.04]
164: [155.18, 87.63, 62.33, 20.42, 66.50, 103.77, 83.69, 47.13, 62.53, 35.88, 41.77, 29.49, 39.70, 82.21, 82.34, 18.37]
165: [111.59, 107.07, 71.43, 30.40, 68.31, 24.99, 44.71, 6.70, 56.46, 38.55, 31.41, 184.06, 17.71, 80.23, 29.43, 55.00]
166: [45.04, 122.78, 33.63, 63.30, 19.36, 102.03, 22.12, 33.66, 40.03, 60.03, 67.40, 62.72, 36.10, 39.77, 32.26, 13.19]
167: [178.40, 75.63, 43.75, 61.81, 27.74, 45.78, 35.24, 2.34, 40.55, 55.26, 75.35, 29.52, 37.63, 32.83, 22.35, 4.53]
168: [182.67, 36.38, 67.01, 22.29, 19.75, 43.68, 54.11, 57.36, 64.05, 49.21, 45.96, 108.82, 41.88, 30.78, 25.78, 15.35]
169: [16.97, 21.73, 22.25, 41.55, 37.73, 60.57, 27.51, 16.26, 12.49, 39.08, 75.42, 48.70, 39.55, 50.89, 41.12, 10.14]
170: [106.90, 35.10, 35.20, 37.43, 24.15, 12.78, 44.18, 88.66, 72.47, 20.65, 44.13, 34.84, 4.66, 38.97, 67.08, 47.07]
171: [68.97, 60.38, 17.97, 17.20, 25.66, 17.22, 41.50, 35.43, 39.18, 82.08, 28.69, 4.61, 50.22, 52.94, 15.61, 62.49]
172: [125.97, 31.71, 36.69, 93.13, 8.81, 48.15, 33.82, 35.16, 75.16, 16.87, 22.89, 34.95, 74.37, 17.60, 31.48, 21.01]
173: [145.01, 18.00, 40.92, 40.46, 39.02, 47.17, 26.94, 29.51, 37.39, 39.46, 72.85, 76.14, 134.63, 29.44, 48.93, 37.83]
174: [62.34, 28.30, 17.68, 40.64, 53.34, 22.76, 19.74, 25.05, 17.82, 29.78, 77.18, 42.07, 51.21, 30.31, 61.86, 30.57]
175: [27.83, 10.63, 37.62, 60.45, 44.64, 14.19, 37.96, 11.19, 69.54, 27.69, 30.89, 32.61, 61.26, 15.70, 63.29, 10.48]
176: [86.94, 32.84, 39.51, 31.45, 10.33, 46.43, 22.06, 54.86, 18.65, 52.27, 29.03, 28.37, 9.80, 19.74, 23.91, 15.94]
177: [18.10, 46.47, 34.19, 43.84, 52.06, 63.77, 18.18, 33.46, 26.63, 16.42, 22.96, 30.53, 46.27, 17.74, 32.25, 27.68]
178: [103.52, 47.10, 45.59, 29.39, 21.13, 26.81, 13.57, 50.04, 49.47, 55.40, 40.09, 26.66, 13.77, 8.89, 45.78, 34.47]
179: [83.97, 18.03, 10.66, 56.75, 35.99, 66.97, 35.67, 60.24, 39.80, 17.21, 16.82, 19.82, 107.42, 50.42, 50.21, 62.04]
180: [24.77, 44.60, 46.27, 55.15, 18.40, 45.42, 15.73, 7.64, 50.96, 22.01, 7.60, 28.26, 66.44, 39.02, 25.22, 25.54]
181: [106.44, 32.36, 27.30, 55.28, 27.77, 42.12, 15.40, 37.16, 16.13, 21.80, 70.56, 43.42, 21.28, 33.53, 105.74, 24.59]
182: [173.04, 60.26, 44.85, 42.38, 61.12, 50.40, 28.26, 45.30, 33.29, 8.13, 14.05, 18.86, 50.92, 54.10, 34.43, 3.47]
183: [64.91, 42.09, 21.99, 25.44, 28.88, 64.59, 52.05, 34.52, 47.80, 54.26, 14.29, 25.53, 34.97, 8.31, 35.63, 10.01]
184: [30.61, 82.72, 25.37, 49.72, 39.92, 17.42, 48.92, 44.32, 8.03, 37.81, 19.55, 30.52, 44.11, 44.37, 16.07, 38.77]
185: [167.61, 53.39, 68.31, 38.72, 42.83, 19.39, 86.04, 35.63, 25.84, 14.52, 24.04, 44.52, 49.83, 31.27, 41.55, 30.28]
186: [150.04, 17.76, 6.18, 23.26, 20.41, 19.46, 34.99, 34.98, 37.93, 47.54, 8.94, 23.95, 40.87, 26.67, 12.61, 27.55]
187: [84.90, 45.01, 35.44, 40.00, 11.86, 21.36, 14.93, 17.22, 41.71, 14.49, 78.38, 22.71, 27.37, 1.57, 12.06, 43.62]
188: [28.60, 24.36, 24.14, 41.71, 8.39, 25.27, 46.64, 23.70, 32.40, 41.41, 9.14, 58.08, 39.40, 24.83, 52.51, 20.19]
189: [109.07, 7.88, 17.82, 6.18, 22.15, 24.49, 17.66, 36.56, 39.75, 32.43, 21.26, 17.80, 57.37, 37.59, 39.39, 40.57]
190: [111.36, 37.86, 28.23, 67.16, 54.86, 21.64, 72.38, 29.64, 29.50, 21.53, 6.16, 56.27, 40.74, 28.46, 56.45, 11.96]
191: [112.95, 39.85, 59.82, 20.79, 42.60, 28.84, 51.88, 21.27, 17.01, 72.57, 36.34, 32.91, 34.19, 28.53, 52.44, 10.25]
192: [92.43, 29.09, 36.80, 23.21, 49.02, 40.76, 66.10, 48.51, 81.14, 50.89, 40.47, 46.58, 30.16, 30.05, 11.31, 15.38]
193: [113.91, 17.53, 38.10, 16.84, 71.63, 81.13, 34.03, 10.60, 51.78, 28.37, 15.30, 29.43, 43.05, 5.09, 15.61, 51.39]
194: [170.42, 38.87, 44.29, 50.28, 57.18, 57.53, 6.09, 12.01, 50.33, 30.12, 47.81, 33.39, 34.57, 11.84, 27.96, 3.88]
195: [49.80, 89.90, 41.00, 72.89, 25.28, 27.01, 59.26, 48.71, 41.79, 15.03, 61.61, 54.42, 19.71, 82.39, 12.99, 73.78]
196: [122.33, 16.60, 35.83, 72.12, 25.75, 56.46, 17.30, 38.24, 15.55, 24.93, 13.73, 15.89, 18.49, 47.19, 32.55, 54.67]
197: [102.21, 9.46, 14.90, 30.37, 35.31, 32.61, 43.18, 31.41, 23.61, 15.92, 44.96, 65.96, 36.22, 11.39, 46.13, 15.03]
198: [12.04, 37.76, 26.94, 62.05, 54.60, 35.82, 47.43, 58.37, 26.19, 35.74, 55.53, 42.63, 24.36, 13.42, 82.49, 45.68]
199: [32.74, 4.22, 29.54, 91.27, 49.87, 33.27, 11.36, 42.99, 27.88, 37.79, 6.21, 9.20, 35.65, 60.05, 19.37, 64.77]
200: [27.47, 45.40, 17.88, 38.49, 31.96, 46.65, 8.73, 15.22, 6.42, 48.11, 12.06, 46.48, 88.20, 15.69, 27.65, 6.13]
201: [49.96, 6.08, 72.20, 11.19, 49.43, 44.67, 28.49, 31.67, 24.75, 56.66, 36.36, 41.71, 66.46, 40.69, 33.65, 45.58]
202: [224.90, 78.89, 22.80, 15.60, 38.24, 35.88, 22.26, 57.87, 71.30, 19.30, 67.92, 9.86, 70.33, 11.25, 27.77, 19.05]
203: [112.69, 19.56, 48.34, 32.09, 23.85, 45.91, 27.30, 62.14, 27.41, 36.33, 32.59, 72.46, 40.63, 12.22, 55.14, 46.02]
204: [95.81, 50.93, 69.99, 41.48, 49.19, 38.02, 21.15, 23.18, 12.65, 10.14, 89.15, 104.55, 42.20, 5.41, 17.21, 59.71]
205: [112.65, 13.04, 60.30, 13.60, 26.57, 48.58, 47.65, 19.38, 24.61, 23.77, 19.52, 21.33, 45.85, 17.90, 32.24, 46.28]
206: [102.78, 46.04, 63.29, 77.55, 9.16, 80.68, 42.32, 29.37, 16.28, 22.90, 38.13, 63.37, 50.20, 62.42, 17.01, 36.22]
207: [109.62, 26.04, 59.67, 55.22, 66.01, 23.26, 15.23, 9.17, 47.99, 46.77, 18.58, 27.60, 44.60, 17.08, 6.86, 14.51]
208: [70.23, 49.70, 25.61, 24.67, 20.53, 74.06, 45.01, 16.50, 33.67, 53.41, 78.08, 66.55, 78.18, 34.44, 22.93, 12.36]
209: [110.78, 79.69, 17.85, 2.37, 14.39, 74.86, 19.05, 15.15, 80.49, 25.93, 35.12, 24.83, 60.04, 24.30, 33.12, 44.01]
210: [33.59, 89.86, 23.27, 26.82, 43.21, 35.24, 26.71, 57.35, 108.85, 46.41, 25.95, 38.08, 53.82, 78.40, 43.96, 34.57]
211: [151.01, 92.82, 37.10, 41.59, 75.12, 52.42, 67.23, 32.86, 21.83, 45.10, 15.27, 12.33, 11.12, 85.10, 28.68, 21.22]
212: [71.40, 63.94, 96.59, 43.47, 29.09, 41.82, 24.02, 58.11, 21.22, 18.65, 119.93, 19.06, 91.02, 50.19, 32.15, 67.53]
213: [140.23, 75.63, 72.52, 50.64, 10.83, 66.70, 58.02, 65.07, 62.03, 46.33, 23.08, 44.43, 18.03, 78.95, 80.37, 54.25]
214: [162.19, 52.39, 12.13, 56.74, 56.67, 74.31, 79.60, 36.10, 39.81, 102.48, 42.05, 26.08, 136.78, 82.20, 118.20, 6.42]
215: [133.50, 101.11, 45.26, 90.56, 50.86, 69.21, 14.02, 9.99, 47.98, 69.18, 43.13, 122.92, 68.09, 64.31, 16.96, 78.80]
216: [66.67, 20.48, 52.39, 49.56, 32.70, 66.98, 9.13, 150.80, 23.15, 93.05, 30.84, 26.42, 39.13, 88.44, 67.56, 58.24]
217: [52.74, 114.95, 113.94, 126.88, 71.55, 11.02, 81.07, 78.00, 28.78, 33.25, 78.69, 62.19, 49.89, 50.69, 79.98, 35.00]
218: [191.44, 42.54, 39.08, 142.18, 51.72, 13.79, 35.55, 105.51, 156.70, 100.93, 75.83, 15.29, 107.74, 52.56, 77.23, 46.20]
219: [121.83, 44.64, 32.74, 96.54, 74.82, 89.25, 87.72, 59.41, 86.68, 94.51, 122.89, 90.52, 37.22, 62.72, 69.74, 56.88]
220: [40.64, 81.54, 71.51, 28.70, 9.26, 68.00, 65.65, 30.61, 33.90, 19.48, 60.31, 14.05, 73.20, 30.53, 43.35, 27.16]
221: [71.23, 20.91, 21.47, 27.83, 35.62, 85.26, 38.53, 90.72, 58.07, 5.74, 23.70, 75.74, 17.60, 48.05, 66.51, 77.41]
222: [140.96, 40.24, 56.52, 56.24, 89.16, 48.71, 72.90, 109.01, 65.33, 41.43, 65.10, 35.32, 32.22, 81.30, 22.77, 39.36]
223: [117.93, 51.10, 29.20, 85.17, 35.46, 58.98, 7.22, 57.77, 22.29, 12.29, 31.79, 38.28, 27.95, 13.69, 127.03, 60.74]
224: [220.60, 60.89, 79.29, 40.85, 43.41, 36.17, 23.93, 32.77, 70.31, 58.52, 64.46, 64.29, 41.63, 80.76, 96.79, 22.07]
225: [239.77, 49.52, 45.21, 27.59, 28.70, 84.64, 33.18, 36.61, 31.08, 74.84, 6.95, 84.13, 75.93, 42.53, 70.27, 42.28]
226: [55.25, 16.63, 54.60, 55.97, 25.10, 28.77, 38.68, 33.76, 56.60, 19.78, 98.78, 42.44, 74.63, 61.37, 17.39, 63.62]
227: [195.63, 30.82, 82.63, 32.84, 38.06, 101.26, 10.65, 33.28, 16.94, 15.07, 73.23, 2.87, 73.42, 64.66, 124.59, 37.54]
228: [34.04, 35.21, 6.78, 100.77, 14.81, 104.18, 128.69, 45.99, 135.80, 91.56, 59.97, 118.10, 62.50, 63.36, 78.64, 67.37]
229: [96.27, 48.33, 54.51, 101.39, 31.49, 114.34, 184.85, 36.67, 31.46, 119.87, 72.27, 95.74, 74.24, 70.18, 47.65, 37.27]
230: [188.81, 24.17, 47.88, 23.40, 23.39, 70.62, 73.73, 18.77, 133.61, 16.12, 80.93, 67.24, 67.70, 52.02, 136.95, 94.20]
231: [165.05, 35.48, 53.99, 63.82, 53.67, 188.72, 76.97, 135.34, 125.31, 85.76, 86.22, 225.96, 45.35, 96.69, 65.23, 46.27]
232: [39.62, 93.76, 117.80, 13.44, 90.01, 33.60, 57.45, 17.55, 68.07, 60.43, 28.69, 116.49, 36.83, 54.31, 47.54, 165.96]
233: [173.48, 29.40, 134.63, 85.20, 17.62, 141.49, 106.18, 134.64, 155.04, 100.76, 41.16, 78.95, 33.25, 104.57, 18.76, 52.89]
234: [251.59, 66.06, 93.48, 64.55, 111.28, 44.83, 32.02, 223.21, 89.18, 63.56, 187.00, 39.92, 134.36, 108.81, 116.30, 75.48]
235: [225.66, 76.21, 262.08, 133.91, 204.74, 105.08, 89.56, 112.46, 90.11, 99.04, 66.79, 131.26, 48.36, 112.77, 188.90, 67.77]
236: [144.38, 159.86, 114.01, 223.53, 113.20, 71.37, 112.17, 86.78, 61.66, 32.77, 61.65, 114.70, 158.82, 97.37, 146.66, 28.26]
237: [101.95, 168.94, 130.06, 151.22, 234.83, 81.56, 59.03, 35.57, 111.00, 56.71, 117.75, 46.54, 96.35, 139.42, 146.44, 95.46]
238: [320.16, 63.46, 145.19, 83.10, 75.58, 47.08, 58.35, 203.32, 26.15, 111.77, 22.37, 121.68, 114.77, 87.55, 88.26, 50.24]
239: [384.73, 97.42, 236.58, 159.33, 105.99, 278.60, 132.47, 335.65, 233.74, 37.88, 79.53, 100.65, 188.86, 160.96, 56.31, 203.40]
240: [87.58, 349.32, 130.01, 236.05, 332.01, 237.63, 157.59, 60.46, 269.19, 219.93, 253.04, 142.52, 152.64, 426.01, 104.06, 127.24]
241: [48.56, 312.94, 339.05, 472.32, 350.91, 253.48, 615.67, 266.38, 341.89, 191.89, 460.26, 220.05, 187.48, 285.19, 235.54, 272.59]
242: [198.49, 353.55, 609.23, 528.22, 230.44, 697.95, 423.55, 201.45, 175.24, 669.10, 579.15, 106.87, 743.25, 678.55, 113.33, 87.40]
243: [208.50, 453.21, 626.77, 719.01, 493.24, 408.84, 697.10, 449.83, 426.79, 744.29, 259.35, 197.55, 580.31, 988.09, 978.69, 390.79]
244: [395.24, 261.32, 741.03, 731.33, 571.40, 180.34, 197.95, 479.63, 698.12, 562.92, 137.01, 638.93, 754.26, 390.16, 305.92, 373.06]
245: [136.11, 111.37, 259.06, 220.91, 220.53, 345.42, 322.55, 274.87, 187.01, 267.46, 74.21, 133.58, 292.17, 78.52, 198.37, 159.33]
246: [63.61, 194.91, 250.63, 165.97, 116.78, 185.88, 176.09, 98.08, 234.13, 404.20, 329.84, 122.63, 122.51, 30.15, 83.80, 196.84]
247: [68.27, 40.04, 218.86, 53.96, 186.46, 270.98, 85.16, 26.90, 271.24, 104.75, 85.58, 83.48, 33.11, 56.70, 181.28, 329.12]
248: [75.84, 220.86, 119.14, 187.48, 104.85, 142.94, 105.39, 57.20, 114.77, 162.63, 79.74, 143.91, 110.98, 332.64, 86.99, 121.52]
249: [248.89, 199.01, 144.43, 31.97, 219.45, 113.17, 29.55, 151.78, 119.02, 116.01, 41.28, 152.77, 111.81, 135.49, 62.13, 157.85]
250: [63.39, 11.84, 250.97, 120.78, 42.31, 232.38, 73.28, 51.73, 317.05, 203.13, 182.35, 107.48, 87.19, 99.71, 101.32, 38.94]
251: [179.53, 77.89, 91.99, 81.01, 139.28, 46.51, 80.90, 74.31, 54.70, 81.20, 91.38, 170.85, 232.94, 138.39, 52.76, 77.30]
252: [82.65, 99.80, 342.62, 61.60, 115.56, 64.15, 134.45, 142.11, 204.79, 163.62, 117.64, 35.98, 136.71, 143.00, 99.17, 157.98]
253: [150.59, 59.25, 54.90, 84.02, 192.12, 51.20, 175.98, 93.61, 71.83, 79.75, 90.45, 115.06, 73.75, 60.22, 259.12, 79.66]
254: [194.43, 93.12, 5.95, 120.50, 74.75, 104.44, 80.27, 58.37, 159.92, 177.55, 109.98, 172.65, 137.24, 51.66, 196.60, 33.28]
255: [241.06, 22.11, 63.65, 70.86, 76.33, 107.24, 147.88, 131.38, 172.66, 125.32, 63.61, 163.02, 97.65, 73.63, 201.19, 73.50]
256: [68.00, 153.00, 118.00, 20.00, 20.00, 83.00, 27.00, 211.00, 176.00, 104.00, 94.00, 17.00, 99.00, 98.00, 45.00, 67.00]
257: [62.64, 108.47, 137.87, 53.29, 115.47, 71.09, 49.23, 37.38, 102.56, 149.80, 193.86, 34.37, 23.84, 58.09, 168.01, 62.15]
258: [205.76, 119.01, 196.28, 140.75, 125.22, 117.16, 75.91, 76.10, 89.63, 33.61, 113.11, 70.97, 168.21, 144.53, 114.69, 112.96]
259: [220.17, 50.61, 69.30, 213.90, 132.11, 162.01, 81.91, 146.17, 20.22, 29.68, 154.75, 153.51, 25.02, 112.24, 192.34, 43.95]
260: [108.66, 226.72, 13.98, 41.98, 138.36, 162.87, 173.96, 88.37, 107.74, 72.11, 30.22, 80.23, 142.44, 13.22, 62.44, 197.32]
261: [173.60, 24.22, 156.53, 158.58, 67.26, 184.37, 231.22, 180.52, 112.43, 198.55, 79.20, 208.83, 192.74, 85.57, 33.80, 87.82]
262: [104.15, 204.20, 171.42, 223.72, 101.68, 122.48, 256.30, 47.46, 106.76, 86.30, 51.38, 36.78, 74.02, 98.77, 157.35, 165.41]
263: [116.86, 64.07, 248.28, 27.11, 60.44, 79.53, 91.22, 240.55, 219.07, 284.17, 61.46, 167.33, 193.28, 66.23, 182.03, 195.06]
264: [190.63, 51.96, 93.42, 207.94, 121.83, 108.31, 129.10, 191.31, 176.32, 159.67, 354.42, 172.18, 81.63, 233.83, 147.72, 27.65]
265: [67.59, 119.26, 179.82, 73.27, 136.50, 262.13, 70.67, 91.06, 124.81, 178.38, 70.26, 30.06, 407.79, 33.77, 90.66, 76.35]
266: [129.49, 254.80, 118.77, 217.83, 280.03, 81.01, 49.41, 74.57, 292.88, 258.61, 121.12, 143.53, 161.22, 198.93, 100.85, 206.14]
267: [126.08, 619.54, 38.42, 157.84, 709.53, 345.18, 159.26, 138.18, 133.34, 315.69, 114.33, 171.99, 96.98, 264.53, 345.25, 281.61]
268: [68.90, 663.08, 277.12, 135.72, 129.77, 76.31, 367.53, 383.09, 66.83, 652.74, 346.23, 553.18, 666.12, 240.24, 557.88, 271.96]
269: [96.95, 643.75, 772.56, 464.21, 625.25, 264.41, 504.22, 745.54, 313.47, 322.77, 705.54, 72.74, 328.34, 717.11, 553.15, 247.59]
270: [236.49, 553.60, 437.74, 149.19, 333.42, 487.28, 721.16, 690.75, 464.17, 609.43, 248.17, 522.49, 318.17, 401.73, 385.31, 563.05]
271: [103.38, 370.01, 257.85, 164.48, 66.11, 99.96, 357.48, 476.18, 140.32, 202.54, 146.35, 370.35, 162.76, 94.58, 206.54, 93.85]
272: [75.63, 249.20, 143.17, 209.37, 390.51, 103.18, 302.22, 12.22, 397.27, 76.72, 16.24, 113.81, 98.79, 497.96, 89.90, 404.53]
273: [135.46, 108.15, 129.21, 156.59, 62.69, 188.11, 83.45, 116.30, 64.08, 218.30, 295.32, 67.49, 165.90, 157.96, 229.31, 197.49]
274: [145.31, 165.50, 125.85, 50.43, 128.60, 47.04, 92.28, 227.73, 116.83, 123.52, 133.06, 113.76, 103.94, 60.90, 60.33, 149.71]
275: [33.59, 157.79, 137.14, 71.42, 62.82, 198.36, 135.54, 41.78, 124.38, 50.34, 186.07, 156.90, 73.58, 254.19, 119.90, 59.73]
276: [128.55, 128.13, 192.99, 84.35, 25.68, 30.95, 26.38, 122.35, 92.07, 243.14, 177.84, 128.62, 131.15, 130.88, 88.50, 265.31]
277: [275.36, 184.55, 130.96, 68.86, 65.52, 72.33, 198.85, 185.61, 60.94, 191.22, 57.68, 68.40, 47.18, 138.15, 71.65, 157.04]
278: [134.70, 182.67, 108.14, 128.13, 54.81, 74.34, 151.68, 42.38, 114.46, 66.63, 156.08, 168.43, 102.19, 155.37, 23.84, 137.22]
279: [300.54, 5.62, 126.02, 121.67, 88.62, 129.20, 62.84, 35.78, 35.03, 82.22, 105.13, 132.59, 23.64, 30.30, 135.21, 171.28]
280: [291.35, 87.72, 120.71, 29.81, 61.07, 99.63, 147.45, 151.36, 37.71, 25.80, 61.42, 38.64, 102.19, 18.74, 37.32, 19.15]
281: [193.01, 67.54, 26.33, 40.77, 97.52, 112.18, 49.39, 39.79, 124.20, 35.84, 50.48, 53.18, 140.13, 70.41, 28.42, 116.42]
282: [158.17, 65.40, 135.91, 65.23, 96.62, 80.79, 153.33, 47.33, 75.18, 21.35, 115.52, 31.48, 63.71, 89.62, 82.74, 48.60]
283: [38.43, 32.27, 30.25, 23.00, 163.03, 37.96, 145.59, 52.91, 43.70, 76.27, 112.57, 95.25, 139.91, 120.68, 64.91, 78.88]
284: [145.03, 61.31, 99.13, 71.66, 36.18, 41.78, 16.42, 69.46, 79.66, 68.86, 28.70, 92.15, 86.34, 59.34, 47.11, 109.51]
285: [169.08, 22.25, 28.10, 64.89, 109.98, 11.07, 50.65, 73.76, 83.48, 104.96, 127.38, 3.91, 71.02, 64.31, 55.26, 64.11]
286: [280.11, 43.09, 56.81, 50.76, 68.29, 26.76, 53.51, 39.95, 107.37, 33.26, 17.12, 78.48, 22.49, 105.10, 112.58, 59.92]
287: [77.70, 20.51, 50.26, 101.82, 53.37, 54.75, 25.73, 65.43, 20.41, 57.57, 63.80, 60.64, 32.73, 32.28, 17.68, 55.72]
288: [155.26, 53.35, 52.28, 39.33, 67.94, 28.51, 74.23, 42.81, 100.26, 105.81, 52.80, 31.00, 50.41, 31.02, 14.22, 25.38]
289: [21.91, 81.58, 36.56, 6.34, 68.36, 20.69, 131.20, 64.33, 41.03, 40.62, 29.80, 39.54, 52.13, 72.65, 84.51, 18.28]
290: [201.66, 28.98, 8.72, 49.77, 88.08, 21.73, 45.84, 31.07, 84.72, 65.72, 47.18, 138.04, 16.26, 48.53, 56.02, 39.57]
291: [18.48, 100.56, 66.62, 94.94, 84.93, 78.75, 8.21, 33.53, 26.10, 56.12, 30.57, 43.41, 39.64, 30.48, 109.09, 84.55]
292: [80.79, 83.08, 83.70, 42.44, 35.92, 78.59, 46.11, 80.98, 17.45, 53.13, 65.03, 91.91, 83.90, 31.77, 62.40, 17.34]
293: [107.43, 73.18, 24.17, 94.76, 51.98, 94.45, 77.10, 32.35, 24.19, 41.29, 51.18, 102.60, 22.84, 31.20, 108.69, 48.32]
294: [144.12, 85.47, 51.73, 38.91, 77.98, 45.48, 72.68, 42.54, 71.75, 83.85, 72.27, 62.64, 118.36, 13.43, 147.75, 75.82]
295: [127.64, 82.37, 34.63, 153.02, 112.33, 77.56, 54.34, 118.76, 100.06, 76.89, 85.67, 136.33, 80.29, 120.06, 54.52, 19.94]
296: [232.38, 89.16, 56.76, 27.77, 91.88, 108.06, 87.59, 93.99, 83.09, 116.36, 136.89, 128.44, 93.95, 63.57, 112.90, 61.73]
297: [204.04, 125.88, 36.58, 6.33, 22.84, 18.51, 63.68, 83.22, 158.81, 61.60, 41.24, 94.10, 27.20, 50.53, 52.79, 28.57]
298: [98.92, 54.12, 35.86, 90.41, 30.14, 38.52, 68.92, 54.04, 39.31, 80.41, 66.50, 122.10, 61.93, 18.64, 65.12, 51.79]
299: [93.35, 53.76, 45.34, 61.55, 19.91, 54.13, 31.94, 17.02, 23.38, 66.49, 36.25, 52.78, 100.66, 18.99, 31.01, 22.67]
300: [88.70, 30.80, 44.56, 50.57, 39.78, 38.49, 50.39, 30.63, 82.72, 12.63, 81.73, 34.39, 45.47, 21.66, 47.15, 114.15]
301: [124.95, 39.24, 61.50, 21.91, 30.93, 67.21, 35.92, 45.84, 51.09, 22.34, 10.45, 76.70, 58.33, 11.59, 58.72, 39.61]
302: [34.97, 30.57, 40.58, 20.04, 18.27, 33.27, 37.26, 24.56, 20.33, 60.88, 8.47, 10.41, 26.68, 67.88, 118.02, 57.21]
303: [32.23, 30.02, 24.76, 71.51, 67.02, 31.93, 20.90, 39.90, 8.37, 12.39, 18.99, 34.07, 17.29, 48.23, 18.13, 26.05]
304: [130.34, 38.17, 51.00, 16.87, 41.36, 51.98, 7.03, 31.07, 52.30, 17.31, 37.12, 19.59, 5.75, 27.63, 36.42, 14.91]
305: [170.38, 25.77, 30.19, 53.94, 18.23, 49.04, 16.78, 12.08, 30.33, 8.28, 32.25, 57.74, 39.20, 58.15, 29.87, 18.07]
306: [52.52, 36.45, 43.63, 30.77, 46.01, 45.86, 42.75, 73.41, 44.10, 94.58, 62.91, 26.57, 41.09, 19.19, 26.10, 38.37]
307: [70.14, 100.50, 27.15, 45.85, 58.05, 30.95, 26.42, 25.84, 50.88, 22.78, 33.94, 4.44, 58.40, 16.22, 53.11, 35.17]
308: [70.42, 50.51, 25.26, 51.72, 41.04, 70.25, 62.54, 18.50, 46.82, 20.69, 14.91, 14.30, 49.49, 27.80, 16.02, 38.88]
309: [57.97, 33.03, 41.19, 36.45, 14.47, 30.85, 15.79, 53.79, 45.79, 61.52, 36.97, 39.45, 59.43, 91.19, 32.55, 44.08]
310: [108.75, 53.56, 47.09, 32.28, 18.49, 33.17, 26.53, 40.91, 21.80, 48.37, 55.65, 50.52, 17.13, 33.31, 67.04, 56.07]
311: [94.84, 15.32, 19.62, 24.32, 10.01, 36.62, 12.29, 22.59, 34.97, 21.78, 66.56, 29.79, 12.03, 43.92, 38.89, 37.88]
312: [73.49, 61.18, 31.84, 46.20, 44.34, 26.30, 37.31, 37.71, 61.10, 37.14, 9.06, 5.77, 54.44, 13.12, 14.09, 37.30]
313: [154.67, 42.89, 86.41, 45.92, 26.67, 63.39, 40.51, 18.94, 76.62, 42.98, 54.73, 40.94, 39.98, 67.93, 38.50, 79.56]
314: [139.42, 41.53, 31.44, 15.26, 8.63, 54.45, 51.53, 28.65, 26.16, 73.48, 25.94, 66.24, 21.11, 68.12, 12.23, 40.03]
315: [81.86, 49.57, 35.68, 42.78, 62.14, 27.03, 25.65, 10.01, 50.10, 20.86, 20.59, 19.09, 30.87, 21.82, 50.59, 37.80]
316: [124.75, 52.79, 16.87, 42.66, 54.55, 55.53, 76.93, 88.43, 61.58, 72.75, 26.95, 25.35, 48.67, 58.68, 26.03, 19.41]
317: [46.13, 38.49, 39.80, 48.09, 58.24, 32.65, 22.81, 58.83, 17.79, 43.82, 13.64, 30.37, 39.61, 27.56, 18.82, 42.27]
318: [71.96, 65.14, 64.70, 58.08, 87.59, 24.13, 5.65, 34.39, 73.20, 20.01, 34.66, 12.89, 24.69, 28.68, 46.58, 63.46]
319: [36.80, 25.35, 42.74, 63.42, 17.81, 48.98, 38.48, 30.17, 27.19, 14.70, 39.20, 49.06, 53.81, 35.91, 16.63, 20.23]
320: [210.70, 14.63, 29.43, 13.84, 31.06, 33.49, 27.71, 6.73, 49.52, 31.98, 39.96, 7.30, 28.98, 17.73, 13.25, 17.85]
321: [130.61, 64.67, 26.52, 26.51, 13.76, 21.93, 63.72, 38.53, 43.97, 19.56, 23.40, 50.50, 15.04, 46.17, 50.24, 57.52]
322: [87.57, 23.54, 14.11, 41.57, 12.59, 60.07, 32.45, 23.95, 38.05, 46.87, 13.09, 36.28, 18.12, 35.26, 60.28, 41.32]
323: [107.26, 38.09, 40.32, 63.18, 21.41, 28.22, 27.82, 22.67, 24.74, 47.54, 39.31, 30.34, 45.09, 3.93, 28.09, 42.96]
324: [20.34, 8.12, 33.98, 38.99, 35.23, 27.29, 29.45, 61.00, 36.29, 14.89, 29.68, 53.38, 12.94, 52.78, 9.95, 64.98]
325: [55.25, 98.73, 34.37, 10.99, 4.41, 27.91, 66.03, 50.52, 35.96, 27.29, 65.91, 26.06, 66.68, 13.74, 20.91, 27.16]
326: [37.63, 41.22, 28.66, 14.32, 41.37, 18.69, 35.12, 65.05, 41.48, 27.59, 92.25, 53.44, 42.86, 13.02, 41.69, 56.08]
327: [67.97, 58.57, 53.23, 13.61, 31.10, 15.57, 31.12, 9.96, 21.95, 24.71, 30.17, 47.34, 26.85, 22.45, 64.47, 4.08]
328: [110.49, 44.12, 99.78, 46.33, 25.02, 64.82, 19.13, 47.47, 45.67, 22.47, 95.12, 61.83, 56.71, 28.39, 116.54, 45.80]
329: [119.02, 8.91, 53.03, 55.00, 86.62, 27.23, 11.61, 50.16, 24.27, 23.92, 63.37, 73.93, 16.01, 39.69, 63.46, 32.08]
330: [124.34, 37.00, 35.17, 27.80, 42.43, 51.19, 11.40, 94.47, 60.81, 77.90, 24.29, 65.23, 71.77, 31.02, 23.71, 69.96]
331: [50.26, 32.87, 27.30, 16.93, 75.72, 35.84, 3.76, 47.50, 65.84, 3.07, 21.87, 24.07, 10.02, 76.37, 50.40, 50.05]
332: [131.51, 29.28, 25.05, 17.03, 89.59, 50.76, 43.62, 42.72, 64.87, 33.81, 43.46, 38.64, 33.81, 27.21, 49.77, 36.07]
333: [136.90, 54.31, 44.76, 13.62, 9.66, 76.03, 9.11, 20.05, 40.35, 23.20, 9.16, 30.59, 72.14, 17.58, 73.40, 51.52]
334: [94.43, 2.93, 39.66, 34.72, 32.05, 12.95, 40.99, 35.22, 57.61, 46.32, 15.49, 9.98, 27.75, 41.95, 13.22, 47.24]
335: [50.23, 14.24, 8.98, 48.04, 35.54, 46.07, 30.07, 25.44, 67.97, 66.88, 12.60, 43.79, 45.06, 60.88, 97.19, 15.41]
336: [73.84, 82.21, 20.82, 30.27, 31.56, 26.91, 20.19, 25.79, 40.96, 34.05, 66.40, 14.75, 33.23, 19.37, 46.42, 17.45]
337: [133.11, 28.04, 89.61, 12.49, 37.75, 36.94, 43.64, 35.24, 20.20, 8.77, 30.46, 15.44, 51.14, 45.45, 15.13, 38.51]
338: [64.03, 134.15, 15.73, 48.84, 21.96, 97.90, 3.63, 56.32, 31.91, 37.63, 38.71, 52.40, 20.63, 39.89, 26.72, 21.84]
339: [122.27, 59.17, 36.86, 66.80, 45.97, 62.89, 38.93, 36.00, 37.21, 35.40, 26.94, 39.83, 7.89, 9.51, 12.77, 9.19]
340: [173.11, 67.21, 18.00, 17.38, 53.68, 55.82, 52.43, 27.98, 26.99, 91.38, 82.91, 3.84, 50.64, 22.67, 11.50, 44.57]
341: [22.31, 16.81, 62.45, 23.45, 29.67, 28.73, 40.04, 66.37, 42.22, 52.22, 16.94, 61.25, 11.78, 48.34, 48.13, 86.58]
342: [108.56, 101.19, 49.59, 27.27, 8.26, 51.94, 14.79, 16.15, 112.94, 15.38, 28.45, 28.88, 32.95, 62.60, 65.44, 20.40]
343: [117.19, 46.84, 12.53, 54.95, 38.67, 26.68, 32.80, 26.02, 28.43, 59.50, 36.06, 25.34, 9.47, 27.81, 12.12, 34.72]
344: [70.07, 41.08, 4.64, 33.92, 19.09, 51.14, 33.91, 23.91, 18.09, 23.21, 65.90, 14.86, 47.99, 27.34, 13.66, 35.20]
345: [241.65, 39.95, 30.66, 35.09, 40.13, 36.17, 84.62, 35.79, 26.51, 61.32, 78.09, 32.35, 29.07, 51.49, 54.28, 45.84]
346: [155.83, 78.54, 37.07, 37.67, 52.64, 48.92, 46.66, 49.11, 28.60, 36.07, 50.80, 38.83, 84.56, 21.45, 12.01, 29.30]
347: [82.89, 5.13, 88.84, 76.44, 43.43, 93.90, 11.62, 40.28, 59.46, 9.88, 102.23, 72.83, 59.90, 39.81, 113.36, 32.31]
348: [80.29, 42.76, 63.85, 113.35, 49.74, 79.28, 71.45, 68.88, 52.29, 52.82, 11.73, 34.13, 43.80, 13.42, 18.43, 52.51]
349: [193.39, 90.64, 111.41, 58.52, 95.98, 124.73, 105.10, 64.79, 40.94, 130.07, 110.69, 37.27, 41.84, 154.97, 45.96, 28.70]
350: [119.62, 55.36, 48.80, 102.93, 31.69, 62.68, 63.62, 109.53, 128.85, 122.12, 130.61, 78.93, 52.54, 25.51, 97.53, 19.94]
351: [53.59, 131.30, 108.04, 93.32, 68.81, 50.78, 151.76, 78.34, 236.29, 43.25, 179.40, 57.85, 79.66, 203.70, 182.25, 139.65]
352: [55.68, 100.72, 104.38, 97.28, 44.60, 169.42, 243.67, 239.28, 61.90, 125.40, 203.02, 207.72, 98.16, 127.38, 13.75, 39.90]
353: [103.10, 40.99, 181.81, 65.56, 6.26, 116.00, 113.01, 52.28, 175.32, 15.22, 48.74, 108.15, 45.93, 98.90, 58.48, 120.30]
354: [119.49, 28.05, 53.67, 79.87, 150.17, 70.67, 131.47, 115.55, 97.44, 23.09, 27.99, 30.26, 29.84, 127.61, 63.64, 49.97]
355: [192.39, 32.38, 18.77, 101.64, 27.43, 46.61, 70.39, 23.73, 30.82, 50.95, 69.06, 65.07, 70.23, 18.97, 57.20, 88.22]
356: [83.13, 80.66, 60.33, 42.17, 139.62, 46.97, 22.47, 48.55, 40.82, 64.55, 77.19, 83.51, 42.10, 47.34, 13.24, 106.36]
357: [246.11, 82.46, 53.60, 59.59, 3.96, 123.82, 41.51, 90.78, 48.01, 62.39, 45.35, 80.22, 51.34, 8.84, 58.40, 104.03]
358: [69.94, 29.36, 19.33, 48.19, 76.19, 69.73, 48.05, 33.69, 33.09, 15.62, 76.62, 67.37, 38.91, 62.37, 32.18, 20.64]
359: [64.16, 38.50, 91.57, 18.32, 76.69, 76.36, 41.52, 10.72, 49.26, 64.25, 58.85, 124.87, 105.04, 63.90, 83.66, 82.57]
360: [94.28, 113.95, 52.29, 27.53, 76.63, 75.54, 76.33, 53.61, 97.43, 49.62, 67.96, 49.93, 51.43, 28.50, 11.58, 20.05]
361: [309.54, 133.91, 109.02, 36.17, 112.31, 98.26, 35.74, 66.83, 124.55, 56.12, 30.82, 16.04, 38.81, 92.92, 64.68, 6.62]
362: [165.35, 37.73, 69.80, 37.90, 92.51, 56.86, 96.48, 57.97, 66.82, 81.19, 53.19, 61.66, 77.53, 75.55, 34.08, 168.01]
363: [163.23, 126.29, 51.91, 100.53, 52.52, 115.20, 52.67, 141.60, 95.54, 38.84, 64.94, 32.23, 48.57, 42.38, 115.20, 126.52]
364: [61.98, 35.06, 172.91, 48.75, 133.88, 61.65, 10.38, 91.53, 31.01, 77.56, 105.49, 120.39, 74.73, 167.58, 55.09, 28.53]
365: [46.35, 69.89, 102.71, 113.69, 127.51, 49.69, 39.89, 76.40, 41.12, 36.16, 180.68, 62.92, 86.67, 68.09, 44.48, 118.48]
366: [161.98, 181.01, 77.73, 113.95, 70.34, 261.60, 185.46, 152.11, 43.42, 183.91, 127.59, 82.69, 132.05, 124.17, 12.56, 100.28]
367: [94.82, 23.78, 101.55, 46.63, 73.08, 54.78, 57.27, 83.35, 170.75, 71.38, 13.56, 129.86, 103.24, 112.35, 78.57, 84.66]
368: [694.36, 162.44, 29.80, 86.27, 151.60, 93.15, 112.39, 61.69, 82.54, 165.66, 98.20, 114.59, 183.85, 72.41, 114.03, 18.20]
369: [403.38, 68.22, 57.65, 86.91, 45.69, 91.31, 197.93, 163.15, 48.85, 48.96, 185.75, 134.31, 63.56, 91.50, 73.93, 159.90]
370: [114.88, 62.57, 137.82, 161.25, 135.62, 174.25, 130.15, 110.62, 80.47, 112.51, 91.52, 97.03, 144.70, 214.30, 178.66, 120.47]
371: [403.28, 217.92, 318.22, 197.90, 62.13, 19.96, 125.46, 82.18, 177.44, 71.31, 112.97, 82.04, 133.63, 136.20, 226.31, 97.45]
372: [174.65, 131.88, 232.18, 261.95, 269.82, 216.33, 83.23, 128.47, 79.74, 79.57, 281.79, 199.69, 101.12, 113.38, 85.84, 81.93]
373: [278.02, 133.55, 230.38, 83.91, 203.45, 175.16, 311.26, 135.61, 90.77, 238.78, 276.18, 104.62, 222.51, 69.09, 113.63, 183.40]
374: [442.22, 200.06, 160.39, 69.60, 37.92, 151.05, 205.34, 314.53, 100.24, 213.98, 264.77, 259.93, 228.21, 140.02, 326.42, 86.39]
375: [262.53, 173.77, 129.60, 498.78, 248.76, 226.69, 350.25, 259.70, 270.64, 292.86, 416.58, 412.96, 197.15, 403.31, 213.19, 299.78]
376: [354.28, 572.27, 266.02, 363.26, 760.81, 586.98, 405.23, 351.66, 478.56, 921.02, 615.71, 522.20, 398.18, 392.36, 484.04, 630.80]
377: [405.03, 1255.13, 1369.79, 1465.22, 814.16, 497.33, 465.35, 310.91, 753.59, 1251.94, 550.16, 1203.34, 1803.43, 1396.52, 962.77, 1703.96]
378: [1101.87, 700.69, 1232.32, 663.20, 1081.95, 2115.33, 1211.61, 1397.21, 879.49, 1166.48, 1620.22, 908.11, 697.67, 545.74, 546.67, 1700.97]
379: [951.70, 1182.10, 1483.59, 1811.04, 1501.95, 822.52, 599.54, 473.18, 624.36, 1928.51, 1352.92, 294.09, 1290.21, 619.00, 1637.09, 1597.30]
380: [721.62, 1346.26, 564.40, 218.82, 941.04, 798.32, 139.30, 284.35, 381.85, 309.20, 609.30, 1031.05, 335.58, 299.94, 1124.91, 8.27]
381: [523.45, 302.04, 950.00, 41.46, 502.79, 940.48, 95.98, 153.76, 394.48, 216.88, 640.29, 404.17, 303.13, 232.01, 726.23, 643.27]
382: [733.11, 263.52, 136.31, 158.81, 303.31, 449.58, 261.91, 191.45, 332.03, 430.53, 88.20, 174.16, 257.22, 197.19, 149.36, 139.74]
383: [365.17, 229.93, 260.70, 394.44, 187.04, 312.57, 139.91, 303.38, 347.20, 140.01, 208.50, 241.83, 216.77, 145.18, 82.92, 185.52]
384: [885.30, 237.89, 406.65, 542.86, 222.35, 398.02, 341.25, 200.86, 434.33, 126.37, 404.10, 221.00, 104.80, 161.64, 421.30, 232.14]
385: [349.16, 153.44, 88.88, 204.92, 231.18, 192.39, 97.28, 22.39, 201.24, 207.24, 121.17, 287.95, 280.49, 66.67, 74.62, 276.77]
386: [697.12, 72.10, 66.10, 262.30, 85.89, 311.88, 301.84, 73.53, 119.03, 124.45, 255.51, 163.42, 79.15, 56.59, 103.14, 150.84]
387: [486.58, 208.20, 53.56, 122.44, 125.69, 58.30, 81.20, 93.48, 102.66, 134.28, 115.47, 186.72, 28.57, 86.15, 204.78, 150.09]
388: [66.22, 230.91, 167.13, 121.31, 124.97, 105.26, 50.23, 120.92, 100.58, 232.09, 143.90, 12.16, 82.00, 85.40, 48.97, 78.68]
389: [59.08, 128.85, 78.46, 157.64, 146.04, 124.83, 76.54, 80.09, 123.85, 115.37, 85.25, 92.09, 74.64, 217.54, 36.72, 3.74]
390: [48.99, 123.03, 101.33, 74.70, 108.75, 63.05, 31.77, 80.21, 18.49, 176.89, 66.87, 76.57, 102.28, 42.70, 67.43, 162.52]
391: [244.44, 172.56, 55.32, 107.22, 50.56, 115.38, 64.66, 66.61, 133.60, 138.22, 121.53, 99.02, 98.89, 9.75, 46.23, 83.10]
392: [341.92, 45.49, 16.04, 55.71, 97.48, 98.74, 162.37, 23.13, 79.16, 53.39, 126.54, 81.10, 80.13, 137.06, 69.03, 212.23]
393: [217.25, 10.08, 76.02, 74.17, 94.29, 167.42, 13.87, 134.64, 47.98, 48.65, 103.84, 88.34, 58.20, 65.82, 155.50, 65.41]
394: [63.06, 81.58, 87.91, 85.53, 104.31, 112.19, 94.82, 66.66, 97.92, 94.60, 190.78, 53.22, 26.85, 126.46, 143.28, 132.90]
395: [129.68, 92.95, 125.71, 158.78, 86.78, 13.37, 149.25, 29.93, 114.42, 115.84, 131.21, 174.53, 33.73, 140.09, 30.78, 187.68]
396: [283.77, 115.83, 104.63, 30.32, 41.89, 67.31, 42.55, 161.96, 134.81, 81.23, 66.92, 57.26, 63.97, 88.54, 64.13, 141.94]
397: [103.33, 80.87, 63.45, 57.58, 58.37, 18.49, 83.95, 72.08, 53.01, 60.47, 74.23, 43.84, 137.84, 142.44, 135.17, 189.07]
398: [174.96, 210.03, 130.95, 191.97, 33.15, 10.24, 88.40, 48.53, 134.91, 95.99, 44.64, 39.05, 53.24, 191.98, 60.74, 82.57]
399: [333.93, 58.52, 32.61, 40.32, 77.05, 254.61, 161.45, 149.89, 33.81, 129.73, 105.93, 122.90, 59.37, 87.66, 37.29, 206.57]
400: [301.98, 50.41, 59.81, 267.35, 80.10, 30.02, 104.96, 47.88, 78.78, 237.55, 100.92, 292.29, 101.18, 119.68, 119.80, 242.90]
401: [288.35, 247.73, 77.04, 158.23, 91.40, 258.02, 98.57, 68.71, 109.47, 170.38, 127.41, 131.01, 147.97, 163.70, 138.15, 130.91]
402: [287.33, 151.93, 189.38, 197.20, 136.28, 92.54, 112.30, 85.96, 198.50, 44.06, 106.97, 189.51, 153.64, 196.44, 144.94, 66.33]
403: [208.67, 227.19, 390.31, 297.32, 352.55, 153.18, 248.06, 327.91, 232.64, 181.89, 137.69, 292.83, 111.87, 89.61, 295.18, 215.15]
404: [96.22, 162.03, 189.41, 325.23, 283.51, 286.79, 431.10, 394.19, 590.76, 288.14, 48.38, 331.36, 474.40, 256.43, 321.45, 175.38]
405: [162.87, 264.44, 147.45, 61.56, 71.17, 178.36, 192.52, 118.59, 151.74, 182.02, 45.31, 240.48, 158.76, 69.18, 163.92, 174.14]
406: [41.28, 80.76, 377.32, 171.34, 63.71, 168.35, 70.54, 211.33, 280.84, 302.45, 270.35, 133.18, 204.98, 46.72, 270.58, 187.12]
407: [55.30, 97.48, 87.45, 106.59, 36.35, 106.45, 51.29, 202.42, 88.27, 24.27, 234.47, 126.36, 107.63, 285.79, 133.91, 88.26]
408: [225.13, 52.63, 90.21, 114.17, 70.99, 225.88, 172.11, 134.81, 118.86, 56.13, 157.29, 200.19, 33.48, 83.05, 30.44, 127.15]
409: [166.49, 67.55, 57.96, 168.36, 127.93, 198.72, 45.60, 125.07, 114.26, 108.50, 55.64, 68.68, 167.04, 28.71, 73.02, 91.99]
410: [159.79, 53.23, 104.44, 39.75, 84.25, 131.24, 56.52, 119.95, 155.23, 78.08, 160.62, 43.70, 31.83, 167.50, 85.48, 48.16]
411: [255.34, 55.08, 34.83, 62.24, 244.05, 116.69, 185.82, 60.36, 55.81, 112.08, 54.92, 51.69, 20.38, 47.23, 119.90, 66.76]
412: [126.08, 52.94, 107.00, 95.97, 42.54, 64.35, 34.84, 30.30, 43.97, 24.33, 114.18, 146.44, 114.33, 15.43, 23.07, 121.44]
413: [97.47, 56.51, 151.02, 83.47, 108.19, 46.84, 78.95, 110.68, 106.00, 110.55, 67.45, 19.71, 78.86, 41.18, 70.13, 42.84]
414: [188.08, 34.10, 33.65, 52.50, 22.34, 151.49, 34.30, 65.47, 52.81, 58.50, 128.86, 90.15, 97.89, 63.74, 110.33, 105.35]
415: [66.97, 35.51, 62.46, 100.21, 64.12, 128.99, 66.46, 57.85, 55.77, 66.61, 27.54, 52.03, 47.91, 74.47, 17.34, 11.35]
416: [240.91, 34.68, 62.48, 16.36, 60.73, 34.55, 54.68, 24.00, 25.46, 52.19, 112.87, 26.69, 54.61, 70.56, 37.29, 53.05]
417: [190.64, 13.10, 53.40, 38.67, 11.78, 19.19, 12.88, 60.46, 28.75, 33.64, 75.48, 37.94, 44.94, 6.64, 7.17, 9.20]
418: [72.34, 32.52, 28.76, 55.88, 51.95, 18.63, 71.78, 15.88, 26.78, 11.48, 20.05, 12.54, 58.57, 52.46, 41.29, 108.21]
419: [60.18, 71.11, 64.99, 72.42, 3.01, 72.20, 32.46, 61.85, 14.52, 32.64, 75.85, 53.57, 18.35, 13.73, 76.43, 69.93]
420: [139.61, 41.95, 76.18, 66.40, 28.87, 46.75, 34.09, 20.22, 53.79, 51.69, 77.98, 31.15, 14.72, 43.14, 13.62, 40.91]
421: [96.04, 49.66, 59.60, 9.13, 19.72, 10.59, 25.39, 48.87, 20.34, 43.82, 42.13, 20.76, 21.45, 78.10, 9.03, 44.25]
422: [79.15, 7.79, 56.75, 24.16, 16.76, 80.50, 34.52, 26.78, 62.31, 28.96, 24.12, 38.72, 52.53, 24.25, 27.88, 18.88]
423: [123.05, 42.61, 41.50, 75.46, 26.13, 26.90, 43.15, 25.34, 49.40, 41.09, 74.55, 41.25, 36.13, 25.88, 43.30, 44.61]
424: [196.77, 6.42, 17.94, 26.87, 59.58, 14.66, 25.92, 58.66, 70.86, 42.13, 90.91, 54.39, 42.13, 53.15, 63.79, 37.23]
425: [67.59, 69.60, 68.08, 50.05, 34.82, 13.04, 63.38, 42.46, 26.95, 50.03, 56.09, 7.76, 59.37, 73.88, 42.02, 18.87]
426: [62.17, 36.93, 77.68, 30.84, 109.72, 59.59, 26.81, 47.37, 35.92, 50.19, 71.63, 40.26, 28.32, 59.67, 35.96, 33.45]
427: [204.95, 113.48, 88.86, 69.73, 12.24, 72.04, 59.25, 49.04, 35.07, 7.45, 46.83, 39.32, 19.80, 30.36, 59.11, 77.77]
428: [14.75, 66.18, 55.99, 73.42, 53.24, 78.64, 71.42, 19.84, 26.82, 40.08, 51.58, 78.02, 29.26, 36.39, 40.60, 54.95]
429: [23.77, 35.39, 30.89, 37.31, 11.53, 53.50, 29.19, 31.01, 30.76, 70.27, 39.29, 48.91, 42.50, 40.92, 102.56, 51.09]
430: [9.50, 56.51, 43.02, 16.48, 20.09, 93.05, 137.82, 37.16, 123.80, 66.32, 35.56, 26.01, 33.46, 67.33, 90.68, 113.00]
431: [194.11, 34.66, 85.35, 22.94, 23.33, 21.79, 11.30, 11.77, 58.45, 108.43, 44.53, 99.37, 56.46, 51.56, 95.70, 45.59]
432: [81.08, 83.32, 77.06, 93.58, 50.26, 43.60, 94.57, 60.79, 30.13, 18.60, 75.94, 52.64, 81.32, 39.63, 91.88, 82.68]
433: [98.23, 51.00, 63.67, 44.97, 84.45, 85.63, 46.05, 24.89, 50.53, 11.71, 93.80, 47.45, 13.77, 82.25, 41.39, 53.63]
434: [50.34, 54.70, 68.86, 26.17, 64.82, 16.31, 19.78, 51.63, 3.38, 82.58, 55.73, 64.29, 34.65, 88.42, 56.32, 30.65]
435: [23.76, 18.27, 105.96, 40.52, 25.58, 28.60, 20.19, 45.18, 61.08, 5.96, 28.75, 26.62, 36.81, 28.97, 24.40, 43.70]
436: [69.11, 43.04, 41.48, 72.18, 12.33, 22.03, 41.70, 39.73, 10.06, 23.10, 16.06, 31.00, 50.96, 53.36, 42.84, 23.47]
437: [45.93, 23.86, 33.90, 34.51, 17.62, 56.54, 53.41, 21.65, 33.90, 18.71, 22.57, 40.40, 70.98, 44.19, 51.00, 78.50]
438: [76.01, 17.53, 20.41, 44.74, 48.33, 17.09, 18.46, 50.00, 34.26, 18.63, 42.41, 15.36, 29.63, 26.78, 12.87, 75.86]
439: [26.87, 17.09, 60.06, 13.25, 54.16, 67.33, 41.71, 45.12, 60.61, 27.87, 32.94, 29.93, 52.61, 40.62, 5.10, 26.03]
440: [55.76, 64.33, 17.87, 60.68, 4.40, 37.35, 10.06, 35.43, 11.97, 16.11, 28.78, 13.47, 37.28, 68.80, 23.84, 23.72]
441: [155.45, 11.31, 12.42, 23.36, 22.00, 14.79, 57.57, 42.17, 55.66, 38.02, 47.62, 23.83, 20.49, 18.48, 10.52, 28.42]
442: [74.78, 55.85, 35.52, 81.17, 7.33, 59.29, 7.50, 2.35, 51.97, 38.38, 93.04, 51.99, 14.77, 15.90, 54.65, 49.33]
443: [142.37, 42.31, 31.42, 19.53, 17.32, 28.20, 61.65, 34.54, 47.47, 29.65, 37.95, 22.77, 21.00, 42.33, 41.70, 41.17]
444: [47.56, 49.81, 10.90, 17.04, 67.74, 13.54, 13.42, 45.43, 45.46, 35.67, 78.79, 41.86, 53.04, 8.98, 53.74, 65.02]
445: [30.09, 80.00, 28.54, 39.37, 24.86, 23.15, 2.77, 68.27, 93.67, 48.12, 27.25, 43.52, 56.33, 36.44, 87.08, 23.00]
446: [51.64, 82.37, 40.84, 7.11, 21.46, 89.90, 27.97, 49.93, 31.90, 20.00, 35.53, 15.51, 38.63, 26.53, 56.59, 12.64]
447: [35.92, 26.06, 29.28, 87.19, 37.21, 42.75, 30.02, 27.41, 71.71, 58.24, 34.52, 11.85, 26.69, 14.85, 48.24, 34.28]
448: [51.50, 24.59, 41.97, 43.00, 1.76, 61.35, 37.80, 46.11, 29.49, 55.80, 10.87, 41.44, 44.04, 75.75, 74.78, 58.82]
449: [123.75, 114.56, 50.27, 71.17, 85.54, 49.69, 18.99, 33.17, 38.55, 8.74, 85.94, 18.37, 20.03, 32.27, 32.11, 7.48]
450: [67.30, 84.17, 17.75, 31.69, 26.50, 67.92, 26.57, 63.90, 30.79, 88.19, 50.38, 97.55, 21.15, 14.44, 32.97, 56.77]
451: [49.35, 12.11, 44.53, 39.85, 25.74, 45.02, 35.85, 49.61, 46.78, 17.31, 19.44, 40.68, 13.06, 18.24, 21.42, 51.02]
452: [58.34, 18.33, 8.50, 69.20, 3.57, 7.21, 15.66, 27.22, 19.41, 8.84, 96.12, 27.67, 40.66, 14.78, 16.12, 55.64]
453: [101.24, 24.31, 72.65, 59.63, 39.77, 46.98, 43.73, 25.88, 38.79, 6.28, 67.64, 57.62, 40.40, 51.08, 18.44, 40.48]
454: [105.20, 14.20, 10.82, 37.71, 53.40, 13.35, 52.03, 51.00, 29.70, 15.84, 54.80, 34.79, 34.10, 69.26, 5.79, 35.34]
455: [186.47, 4.09, 18.27, 22.54, 22.45, 26.47, 39.13, 38.56, 46.39, 33.18, 7.29, 26.90, 39.33, 20.40, 38.81, 30.56]
456: [24.18, 79.28, 30.07, 33.44, 34.89, 56.28, 17.98, 52.33, 69.83, 29.30, 17.20, 20.90, 36.92, 38.77, 39.80, 13.54]
457: [153.35, 27.26, 28.42, 39.47, 35.36, 19.90, 71.49, 49.09, 51.91, 61.39, 55.22, 64.98, 40.11, 19.35, 74.60, 41.30]
458: [132.14, 39.20, 132.00, 36.46, 60.15, 41.77, 72.41, 34.13, 59.82, 20.26, 44.53, 65.82, 37.28, 13.32, 41.59, 42.18]
459: [95.20, 11.64, 12.05, 12.98, 76.51, 37.75, 91.61, 34.41, 54.91, 75.85, 65.29, 56.92, 47.93, 13.34, 39.19, 19.10]
460: [46.04, 118.08, 44.31, 26.50, 37.82, 8.69, 63.28, 39.33, 72.76, 16.75, 67.03, 43.33, 1.25, 21.21, 16.39, 35.38]
461: [69.86, 59.59, 17.22, 51.80, 42.88, 29.79, 77.81, 79.72, 32.72, 7.00, 17.32, 59.28, 2.52, 85.69, 59.49, 78.89]
462: [144.28, 35.59, 38.14, 79.57, 9.78, 26.51, 35.49, 28.77, 6.96, 32.71, 32.05, 20.75, 19.98, 42.03, 59.77, 5.51]
463: [110.44, 50.89, 78.97, 30.64, 32.15, 3.86, 24.69, 37.27, 62.39, 68.25, 30.01, 59.33, 24.19, 8.67, 22.15, 46.61]
464: [61.56, 3.68, 10.96, 35.34, 41.46, 11.02, 3.28, 68.97, 21.76, 71.52, 77.01, 9.40, 63.95, 17.88, 35.72, 36.68]
465: [138.49, 70.23, 17.44, 50.59, 24.89, 34.91, 37.37, 24.80, 57.76, 12.56, 26.38, 17.81, 5.04, 33.19, 19.52, 74.13]
466: [68.05, 7.13, 21.28, 61.47, 17.34, 66.31, 30.95, 21.64, 24.90, 8.75, 26.32, 62.78, 13.43, 51.66, 55.68, 17.94]
467: [85.54, 30.28, 17.77, 32.65, 61.82, 20.36, 30.27, 56.54, 22.27, 39.91, 27.57, 49.84, 22.41, 22.75, 35.34, 7.85]
468: [216.16, 39.96, 31.31, 49.91, 32.07, 24.65, 31.74, 44.57, 42.22, 25.60, 39.13, 74.69, 22.31, 20.03, 23.68, 25.55]
469: [96.32, 33.45, 36.75, 21.67, 48.65, 45.25, 17.91, 40.73, 2.42, 30.23, 29.18, 51.44, 18.05, 12.75, 20.01, 42.43]
470: [40.27, 30.86, 40.75, 29.12, 9.02, 6.09, 60.30, 27.70, 33.44, 30.32, 31.35, 23.06, 24.72, 49.13, 6.41, 39.66]
471: [34.83, 38.14, 8.68, 38.77, 27.56, 17.58, 29.41, 12.40, 28.14, 69.66, 37.76, 11.11, 28.57, 23.05, 62.22, 65.71]
472: [70.95, 39.88, 18.90, 32.35, 41.99, 16.40, 42.12, 7.30, 44.17, 15.57, 38.39, 25.54, 25.38, 11.15, 19.84, 28.38]
473: [79.52, 15.42, 38.68, 53.88, 52.45, 43.71, 12.73, 15.78, 59.08, 36.84, 24.96, 54.66, 24.31, 60.38, 20.58, 19.60]
474: [66.61, 8.92, 71.74, 23.18, 28.73, 38.46, 13.08, 39.43, 42.90, 12.85, 45.49, 30.86, 50.44, 26.22, 23.65, 5.32]
475: [86.90, 25.27, 28.46, 23.73, 38.98, 20.63, 5.01, 59.28, 14.81, 31.44, 36.31, 16.76, 11.71, 22.09, 22.17, 43.76]
476: [113.42, 49.99, 19.32, 19.94, 60.17, 24.82, 59.72, 25.07, 58.63, 60.06, 90.07, 48.17, 55.17, 72.89, 15.03, 38.00]
477: [47.37, 43.55, 10.20, 45.17, 28.79, 48.85, 34.01, 26.29, 45.30, 31.27, 59.37, 24.42, 40.10, 26.55, 49.53, 17.54]
478: [26.95, 27.97, 39.43, 57.58, 44.12, 77.40, 49.19, 63.21, 37.11, 75.08, 88.43, 20.04, 81.74, 54.43, 26.82, 90.92]
479: [122.45, 32.58, 28.08, 97.45, 47.94, 59.11, 23.81, 38.23, 80.12, 33.84, 24.68, 61.13, 15.98, 47.99, 57.72, 40.72]
480: [68.36, 64.40, 21.49, 60.51, 26.62, 35.62, 42.38, 14.39, 43.30, 96.75, 13.47, 64.10, 44.09, 73.88, 29.35, 34.73]
481: [133.05, 48.46, 83.09, 56.88, 29.85, 40.53, 119.08, 84.01, 33.97, 12.32, 39.53, 59.27, 87.58, 17.43, 40.03, 21.34]
482: [22.87, 69.72, 19.12, 130.89, 86.08, 64.87, 61.78, 74.67, 32.87, 71.77, 22.97, 20.92, 33.94, 118.46, 56.43, 84.13]
483: [66.11, 94.83, 158.92, 9.19, 114.11, 192.82, 61.77, 14.32, 34.98, 127.17, 88.91, 43.47, 122.46, 220.14, 113.46, 74.16]
484: [99.07, 17.27, 158.45, 48.59, 92.49, 70.43, 107.01, 39.80, 127.89, 73.49, 135.04, 298.07, 115.54, 9.30, 128.71, 278.22]
485: [94.14, 249.36, 255.01, 142.00, 214.37, 51.03, 67.95, 236.69, 84.68, 194.98, 269.00, 78.61, 106.48, 124.49, 168.14, 24.98]
486: [108.65, 238.12, 227.17, 217.41, 100.62, 280.04, 338.34, 109.19, 117.33, 41.55, 68.97, 177.10, 47.83, 30.04, 203.99, 151.73]
487: [13.34, 105.05, 37.18, 104.55, 43.25, 72.22, 17.84, 22.22, 74.19, 74.47, 69.24, 129.34, 108.80, 67.43, 106.72, 29.83]
488: [77.83, 75.72, 40.72, 105.23, 89.32, 47.20, 84.15, 69.33, 60.93, 65.57, 103.10, 85.16, 116.07, 105.45, 41.25, 10.26]
489: [58.60, 76.83, 66.98, 55.58, 55.80, 81.10, 49.81, 70.25, 31.58, 78.01, 46.37, 50.55, 44.44, 26.88, 24.82, 9.95]
490: [32.83, 60.01, 46.24, 9.30, 56.94, 66.71, 24.60, 32.34, 51.32, 69.88, 29.12, 45.05, 43.58, 45.67, 56.25, 41.32]
491: [57.34, 94.31, 128.55, 121.71, 100.77, 30.08, 40.23, 30.31, 44.54, 50.47, 33.61, 5.16, 33.59, 41.32, 22.75, 50.04]
492: [40.88, 29.57, 15.03, 51.68, 34.97, 45.67, 74.25, 45.55, 8.15, 29.09, 51.21, 21.98, 5.58, 47.12, 44.46, 59.19]
493: [42.22, 37.76, 41.80, 33.57, 4.35, 30.01, 21.08, 25.45, 74.64, 39.48, 17.78, 18.76, 27.50, 49.52, 52.58, 37.04]
494: [20.62, 73.29, 76.49, 22.40, 36.66, 34.23, 23.04, 40.03, 78.79, 19.99, 49.32, 19.87, 30.72, 37.19, 44.38, 30.89]
495: [44.58, 51.37, 41.49, 69.49, 59.91, 5.52, 22.08, 21.28, 11.83, 45.55, 0.94, 25.90, 26.92, 14.62, 27.03, 26.85]
496: [71.16, 20.31, 50.17, 22.18, 32.96, 33.41, 38.66, 38.87, 3.29, 45.56, 46.11, 31.38, 36.62, 55.88, 24.87, 27.26]
497: [26.93, 22.64, 32.34, 26.61, 17.66, 41.70, 43.78, 24.76, 13.48, 18.03, 27.43, 18.76, 45.49, 45.36, 11.88, 42.99]
498: [45.25, 21.58, 43.21, 54.74, 30.59, 9.55, 35.41, 30.74, 10.72, 27.54, 34.28, 11.81, 35.88, 32.78, 47.52, 18.04]
499: [53.27, 25.07, 60.99, 35.87, 67.49, 8.22, 35.67, 19.61, 49.50, 38.42, 50.49, 30.81, 1.33, 55.19, 39.31, 17.58]
500: [45.68, 28.86, 19.68, 19.55, 28.59, 34.39, 11.20, 13.77, 73.51, 34.76, 19.74, 13.23, 9.03, 19.51, 30.09, 36.86]
501: [75.18, 18.46, 29.80, 34.62, 45.32, 11.42, 59.75, 47.84, 39.50, 46.50, 34.07, 31.08, 25.39, 44.27, 18.75, 37.14]
502: [80.86, 29.07, 12.51, 28.53, 11.53, 26.07, 37.47, 65.96, 17.16, 29.44, 35.61, 22.59, 55.97, 34.99, 13.43, 25.79]
503: [48.17, 35.46, 9.54, 55.28, 26.30, 49.24, 14.54, 22.73, 21.89, 18.85, 40.27, 3.30, 79.33, 5.70, 37.85, 9.64]
504: [31.79, 12.22, 12.59, 54.22, 11.64, 8.13, 22.74, 31.66, 16.55, 63.91, 24.67, 42.03, 16.75, 24.13, 7.66, 21.44]
505: [33.58, 26.44, 26.93, 22.56, 50.55, 62.29, 15.47, 4.86, 17.52, 16.42, 65.39, 54.79, 14.88, 12.07, 33.82, 27.61]
506: [66.70, 32.30, 33.26, 15.19, 29.92, 16.07, 41.11, 5.78, 40.29, 65.63, 13.63, 51.00, 28.35, 29.79, 39.88, 10.81]
507: [57.69, 26.43, 24.13, 5.21, 22.34, 29.30, 21.13, 35.36, 31.42, 14.16, 52.38, 6.58, 39.54, 21.20, 52.61, 26.99]
508: [51.90, 22.71, 46.47, 24.83, 13.15, 10.72, 7.63, 42.39, 33.17, 47.83, 27.89, 31.83, 27.74, 13.49, 15.01, 31.54]
509: [24.07, 22.87, 23.00, 19.01, 13.12, 53.66, 22.69, 23.70, 24.65, 35.80, 22.01, 14.40, 2.18, 11.88, 28.26, 31.85]
510: [34.73, 10.48, 19.56, 31.40, 16.32, 11.77, 17.68, 36.36, 33.94, 34.78, 14.66, 45.79, 32.47, 37.84, 3.10, 37.33]
511: [118.21, 21.62, 26.99, 19.41, 6.01, 23.72, 12.10, 55.55, 32.11, 33.68, 11.94, 9.25, 28.73, 9.30, 33.68, 35.59]